##BLOCKS= 35         
Note:~End
Plate:	MDA157 paclitaxel	1.3	PlateFormat	Endpoint	Absorbance	Raw	FALSE	1						2	510 570	1	11	96	2	6	None	
	Temperature(¡C)	1	2	3	4	5	6	7	8	9	10	11	12		1	2	3	4	5	6	7	8	9	10	11	12		
	25.40																											
		0.0462	0.0765	0.0661	0.0615	0.0665	0.0641	0.0671	0.0663	0.0725	0.0724	0.077			0.0461	0.0914	0.0794	0.0778	0.0779	0.0834	0.0847	0.0898	0.0952	0.1	0.1025			
		0.0458	0.0711	0.0649	0.0621	0.057	0.0664	0.0651	0.0734	0.076	0.0701	0.0728			0.0459	0.0866	0.084	0.0781	0.0714	0.0845	0.0835	0.0907	0.1036	0.0971	0.1028			
		0.0461	0.0689	0.0591	0.0633	0.0642	0.0665	0.0613	0.067	0.0705	0.0828	0.0734			0.0456	0.0823	0.0763	0.0845	0.0824	0.0811	0.0794	0.0835	0.0974	0.1132	0.1067			
		0.0459	0.0638	0.0631	0.0706	0.065	0.0636	0.0728	0.0749	0.0882	0.1387	0.142			0.0458	0.0787	0.0801	0.0882	0.0856	0.084	0.0986	0.0992	0.1383	0.2385	0.2428			
		0.0453	0.0602	0.0579	0.0595	0.0671	0.0632	0.0647	0.0781	0.0909	0.1382	0.1296			0.0451	0.071	0.0693	0.0751	0.0857	0.083	0.088	0.1069	0.1388	0.2383	0.2182			
		0.0456	0.0604	0.0598	0.0646	0.0617	0.0682	0.0688	0.0753	0.077	0.1207	0.1277			0.0448	0.0715	0.0738	0.0803	0.0776	0.0842	0.0942	0.1028	0.114	0.1896	0.2056			
																												
		
~End
Plate:	ZR-75-1 paclitaxel	1.3	PlateFormat	Endpoint	Absorbance	Raw	FALSE	1						2	510 570	1	11	96	2	6	None	
	Temperature(¡C)	1	2	3	4	5	6	7	8	9	10	11	12		1	2	3	4	5	6	7	8	9	10	11	12		
	25.50																											
		0.0454	0.0986	0.1967	0.2077	0.1911	0.1803	0.1458	0.1445	0.1484	0.1371	0.1328			0.0463	0.1618	0.3477	0.3923	0.3692	0.3477	0.2598	0.2572	0.2615	0.2505	0.2302			
		0.0484	0.1296	0.218	0.2103	0.3051	0.1643	0.1806	0.1547	0.1337	0.1607	0.1748			0.0472	0.2176	0.4227	0.3927	0.5647	0.3	0.3188	0.2738	0.2323	0.2825	0.3538			
		0.0456	0.1144	0.1854	0.2487	0.2723	0.1852	0.1758	0.1496	0.1411	0.1438	0.1665			0.0446	0.2009	0.3472	0.4438	0.4906	0.3302	0.3241	0.2534	0.2641	0.2656	0.3178			
		0.0442	0.1304	0.1453	0.1421	0.1738	0.1772	0.2875	0.2233	0.2213	0.6112	0.6283			0.0438	0.2563	0.2543	0.2582	0.3081	0.3251	0.5162	0.4199	0.4425	1.2519	1.2592			
		0.0473	0.157	0.1646	0.1429	0.1363	0.1721	0.1924	0.2532	0.2231	0.7448	0.5977			0.0435	0.2727	0.2758	0.2496	0.2462	0.3095	0.3747	0.5023	0.4539	1.5004	1.2049			
		0.0479	0.1346	0.1404	0.1544	0.1375	0.1688	0.2033	0.2258	0.2746	0.5671	0.6077			0.0429	0.255	0.2446	0.2569	0.2729	0.3239	0.3854	0.4523	0.523	1.1431	1.1981			
																												
		
~End
Plate:	SW 527 paclitaxel	1.3	PlateFormat	Endpoint	Absorbance	Raw	FALSE	1						2	510 570	1	11	96	2	6	None	
	Temperature(¡C)	1	2	3	4	5	6	7	8	9	10	11	12		1	2	3	4	5	6	7	8	9	10	11	12		
	25.50																											
		0.0495	0.0489	0.0691	0.0948	0.1064	0.0839	0.0834	0.0941	0.0692	0.0826	0.0786			0.0463	0.0574	0.0954	0.1471	0.1732	0.1275	0.1251	0.1405	0.0936	0.1303	0.1197			
		0.0466	0.0514	0.0835	0.1056	0.0951	0.0953	0.0907	0.0784	0.0892	0.078	0.0827			0.0482	0.0628	0.135	0.1637	0.1583	0.1446	0.143	0.1194	0.1391	0.1093	0.1181			
		0.0474	0.0571	0.0907	0.0916	0.1137	0.0956	0.0859	0.0997	0.0803	0.0854	0.0923			0.0461	0.0604	0.1467	0.1359	0.1908	0.1548	0.1383	0.1317	0.1178	0.1284	0.1673			
		0.0488	0.0777	0.089	0.0964	0.1019	0.1104	0.1158	0.1205	0.1498	1.8852	1.8614			0.043	0.1134	0.14	0.1525	0.1779	0.1944	0.1931	0.1989	0.2684	2.5628	2.5512			
		0.0466	0.0799	0.0881	0.0955	0.1034	0.1056	0.1094	0.1164	0.1115	1.8541	2.2768			0.0464	0.1132	0.1393	0.1467	0.1683	0.1652	0.1715	0.1859	0.185	2.555	2.6412			
		0.044	0.0757	0.0917	0.0943	0.0935	0.1298	0.1167	0.0979	0.2014	2.064	2.1911			0.0425	0.1129	0.1417	0.1497	0.1561	0.1853	0.1878	0.1546	0.3986	2.6192	2.6184			
																												
		
~End
Plate:	BT-549 paclitaxel	1.3	PlateFormat	Endpoint	Absorbance	Raw	FALSE	1						2	510 570	1	11	96	2	6	None	
	Temperature(¡C)	1	2	3	4	5	6	7	8	9	10	11	12		1	2	3	4	5	6	7	8	9	10	11	12		
	25.50																											
		0.0457	0.065	0.0761	0.0788	0.0774	0.08	0.0826	0.0678	0.073	0.0601	0.0638			0.0475	0.0812	0.0866	0.1041	0.0963	0.1136	0.098	0.0959	0.0887	0.0774	0.0843			
		0.0461	0.0627	0.0634	0.082	0.0602	0.0794	0.0658	0.0861	0.0728	0.0747	0.0776			0.0482	0.0656	0.0856	0.1027	0.0825	0.1052	0.089	0.1005	0.0976	0.0966	0.1087			
		0.0446	0.0494	0.0772	0.0816	0.0802	0.0678	0.0652	0.0717	0.0638	0.0683	0.0659			0.0468	0.0547	0.1071	0.0967	0.1186	0.0843	0.0928	0.092	0.086	0.085	0.0862			
		0.0457	0.0607	0.0554	0.0737	0.0662	0.0691	0.0716	0.0904	0.0872	0.6713	0.6314			0.047	0.0763	0.0739	0.0854	0.0895	0.0857	0.1035	0.1194	0.1361	1.1077	1.1414			
		0.0479	0.072	0.0608	0.0672	0.064	0.0664	0.0668	0.077	0.0745	0.5793	0.5991			0.0468	0.0797	0.0786	0.0813	0.086	0.0934	0.0939	0.1023	0.1095	1.1417	1.1566			
		0.0466	0.0516	0.0603	0.0598	0.0596	0.0731	0.0785	0.0883	0.0776	0.6476	0.4565			0.0463	0.0601	0.0788	0.0742	0.0761	0.0893	0.1014	0.111	0.1111	1.1157	0.87			
																												
		
~End
Plate:	MDA231 paclitaxel	1.3	PlateFormat	Endpoint	Absorbance	Raw	FALSE	1						2	510 570	1	11	96	2	6	None	
	Temperature(¡C)	1	2	3	4	5	6	7	8	9	10	11	12		1	2	3	4	5	6	7	8	9	10	11	12		
	25.50																											
		0.049	0.057	0.0812	0.0775	0.0732	0.0593	0.0826	0.0665	0.0892	0.0678	0.0782			0.0516	0.0771	0.1193	0.119	0.1034	0.084	0.0999	0.0988	0.1114	0.1046	0.1311			
		0.0459	0.0598	0.0651	0.0634	0.075	0.061	0.0683	0.0627	0.0743	0.0692	0.074			0.048	0.0741	0.0997	0.0924	0.1068	0.083	0.1013	0.0914	0.1063	0.1008	0.1163			
		0.0458	0.0652	0.0615	0.092	0.0753	0.0823	0.0633	0.1121	0.0938	0.0769	0.0847			0.047	0.0805	0.0936	0.1169	0.1072	0.1051	0.0886	0.1304	0.1401	0.1215	0.1327			
		0.0455	0.065	0.062	0.0974	0.0703	0.0814	0.0841	0.1008	0.1359	0.6604	0.7014			0.0474	0.0991	0.088	0.1286	0.103	0.1274	0.1356	0.1659	0.2481	1.3318	1.3807			
		0.0459	0.0635	0.0693	0.0902	0.07	0.0705	0.1225	0.122	0.1207	0.6931	0.7012			0.0468	0.0941	0.0966	0.1217	0.1017	0.1056	0.2207	0.2114	0.2089	1.3566	1.359			
		0.0453	0.0952	0.0684	0.0714	0.0768	0.0759	0.0929	0.096	0.1213	0.6978	0.5557			0.0456	0.1319	0.0995	0.1038	0.1186	0.1114	0.1508	0.1561	0.2271	1.3312	1.0998			
																												
		
~End
Plate:	HCC1187 paclitaxel	1.3	PlateFormat	Endpoint	Absorbance	Raw	FALSE	1						2	510 570	1	11	96	2	6	None	
	Temperature(¡C)	1	2	3	4	5	6	7	8	9	10	11	12		1	2	3	4	5	6	7	8	9	10	11	12		
	25.50																											
		0.0475	0.0609	0.0825	0.0924	0.0775	0.0883	0.0874	0.0876	0.0883	0.0668	0.0841			0.0467	0.0693	0.1122	0.1296	0.1022	0.1244	0.1219	0.121	0.1224	0.0915	0.1196			
		0.0463	0.0763	0.0802	0.09	0.0761	0.0835	0.0784	0.0876	0.0857	0.0909	0.0923			0.0475	0.0884	0.1128	0.1222	0.1027	0.1089	0.1108	0.1179	0.1214	0.1232	0.1373			
		0.0466	0.064	0.0739	0.0836	0.0782	0.0881	0.0785	0.0823	0.0837	0.0885	0.1008			0.0466	0.0756	0.1011	0.1086	0.1093	0.1143	0.1106	0.1064	0.1181	0.1207	0.1667			
		0.0475	0.0574	0.0655	0.0716	0.0669	0.0769	0.0765	0.0806	0.0842	0.492	0.4359			0.0469	0.0688	0.0818	0.0853	0.0875	0.0925	0.0971	0.1049	0.1196	0.9776	0.8697			
		0.0466	0.0752	0.0714	0.0713	0.0779	0.0774	0.0711	0.0767	0.0854	0.3217	0.3374			0.0471	0.089	0.0906	0.0859	0.1009	0.094	0.0884	0.0965	0.1237	0.6631	0.6883			
		0.0491	0.0791	0.0665	0.0757	0.0753	0.0755	0.0788	0.0838	0.0893	0.2928	0.3102			0.0481	0.0945	0.0823	0.0903	0.0947	0.0943	0.1013	0.1061	0.125	0.5866	0.6299			
																												
		
~End
Plate:	AU 655 paclitaxel	1.3	PlateFormat	Endpoint	Absorbance	Raw	FALSE	1						2	510 570	1	11	96	2	6	None	
	Temperature(¡C)	1	2	3	4	5	6	7	8	9	10	11	12		1	2	3	4	5	6	7	8	9	10	11	12		
	25.50																											
		0.0468	0.0729	0.1149	0.1064	0.1049	0.0851	0.0963	0.0875	0.103	0.0842	0.0829			0.047	0.1055	0.1969	0.1746	0.1618	0.1261	0.1393	0.1314	0.1655	0.1407	0.1305			
		0.0453	0.0922	0.1076	0.0972	0.0904	0.1019	0.0877	0.0942	0.0948	0.0989	0.0769			0.0464	0.1401	0.1876	0.1655	0.1418	0.1569	0.1293	0.1363	0.1413	0.1457	0.1211			
		0.0477	0.0886	0.1002	0.1068	0.1179	0.1015	0.1104	0.1005	0.0956	0.092	0.1175			0.0463	0.1501	0.1649	0.1625	0.1928	0.1583	0.1789	0.1498	0.1435	0.1339	0.1985			
		0.0493	0.0687	0.0723	0.0836	0.0889	0.1054	0.0996	0.1011	0.11	0.6754	0.5013			0.0504	0.0968	0.1041	0.1223	0.1404	0.1579	0.1545	0.1532	0.1906	1.3002	0.9889			
		0.0474	0.0686	0.0882	0.0793	0.0991	0.0957	0.0905	0.1019	0.1092	0.5959	0.5439			0.0459	0.0902	0.1273	0.1115	0.1506	0.1389	0.1372	0.1711	0.1794	1.0648	0.9187			
		0.0482	0.0623	0.0773	0.0912	0.0881	0.0851	0.0891	0.0925	0.1047	0.5096	0.51			0.0465	0.0853	0.1038	0.1388	0.1215	0.124	0.1326	0.1383	0.1716	0.9916	1.0118			
																												
		
~End
Plate:	MFM223 paclitaxel	1.3	PlateFormat	Endpoint	Absorbance	Raw	FALSE	1						2	510 570	1	11	96	2	6	None	
	Temperature(¡C)	1	2	3	4	5	6	7	8	9	10	11	12		1	2	3	4	5	6	7	8	9	10	11	12		
	25.60																											
		0.0466	0.0709	0.0769	0.0962	0.0935	0.087	0.0902	0.0933	0.0907	0.092	0.0875			0.0457	0.0898	0.1053	0.1482	0.1386	0.1319	0.1292	0.1311	0.1336	0.1368	0.1276			
		0.0472	0.0753	0.0971	0.1034	0.1007	0.1035	0.099	0.0945	0.1074	0.103	0.1012			0.0458	0.0949	0.1553	0.167	0.1708	0.1552	0.1644	0.1402	0.1724	0.1566	0.1687			
		0.0463	0.0777	0.0942	0.1081	0.0974	0.1102	0.1019	0.094	0.0954	0.0947	0.1113			0.0469	0.1053	0.1545	0.1626	0.1598	0.1665	0.1643	0.1352	0.1516	0.1398	0.1918			
		0.0455	0.0932	0.0871	0.1119	0.0878	0.0963	0.106	0.1184	0.1073	0.2233	0.242			0.0466	0.1327	0.139	0.1818	0.1391	0.1436	0.1758	0.1921	0.1887	0.4128	0.4585			
		0.0445	0.0861	0.1028	0.1023	0.0915	0.112	0.1038	0.108	0.1158	0.2134	0.2379			0.0446	0.1155	0.1616	0.1514	0.1431	0.1707	0.1689	0.1803	0.1966	0.4008	0.4304			
		0.0473	0.089	0.0903	0.0914	0.0988	0.1011	0.0999	0.1177	0.1092	0.2558	0.217			0.0481	0.1306	0.1296	0.1327	0.1439	0.1454	0.1617	0.1848	0.1763	0.4698	0.3947			
																												
		
~End
Plate:	HCC1806 paclitaxel	1.3	PlateFormat	Endpoint	Absorbance	Raw	FALSE	1						2	510 570	1	11	96	2	6	None	
	Temperature(¡C)	1	2	3	4	5	6	7	8	9	10	11	12		1	2	3	4	5	6	7	8	9	10	11	12		
	25.60																											
		0.0464	0.065	0.0609	0.0692	0.0647	0.0617	0.0659	0.0651	0.0613	0.069	0.0678			0.0454	0.0726	0.0722	0.0778	0.0728	0.0722	0.0778	0.0829	0.0758	0.0848	0.0823			
		0.0472	0.0526	0.0564	0.0706	0.0589	0.0657	0.0606	0.0626	0.0559	0.0638	0.0649			0.0463	0.0624	0.0684	0.0728	0.0708	0.0737	0.0787	0.0765	0.0675	0.0781	0.0818			
		0.0471	0.0683	0.0638	0.0589	0.0885	0.0819	0.0667	0.0676	0.0563	0.0663	0.0661			0.0485	0.0694	0.0826	0.0674	0.1072	0.0827	0.0895	0.0765	0.0755	0.0821	0.0866			
		0.0465	0.0722	0.0589	0.0677	0.0625	0.0656	0.0633	0.064	0.0723	0.5799	0.5682			0.0482	0.0706	0.0718	0.0793	0.0806	0.0799	0.081	0.0851	0.1049	1.1288	1.1013			
		0.0478	0.0668	0.0764	0.0549	0.0654	0.0632	0.0734	0.0728	0.0865	0.7119	0.544			0.0494	0.075	0.0904	0.0706	0.0812	0.0785	0.0965	0.0926	0.1203	1.2715	0.9913			
		0.0482	0.0669	0.0601	0.0764	0.0577	0.0615	0.0723	0.0881	0.0811	0.5851	0.5395			0.0485	0.0775	0.0731	0.0886	0.0711	0.076	0.0947	0.1016	0.1109	1.0099	1.1007			
																												
		
~End
Plate:	HCC1143 paclitaxel	1.3	PlateFormat	Endpoint	Absorbance	Raw	FALSE	1						2	510 570	1	11	96	2	6	None	
	Temperature(¡C)	1	2	3	4	5	6	7	8	9	10	11	12		1	2	3	4	5	6	7	8	9	10	11	12		
	25.60																											
		0.046	0.0653	0.0688	0.0658	0.0912	0.0688	0.0744	0.0745	0.076	0.1014	0.0998			0.0446	0.0942	0.0989	0.0981	0.1249	0.1033	0.1118	0.1248	0.1149	0.1654	0.1531			
		0.0546	0.0749	0.0696	0.0719	0.0765	0.1103	0.0842	0.0792	0.0877	0.1006	0.1001			0.0515	0.1021	0.0997	0.1126	0.116	0.1522	0.136	0.1229	0.1401	0.1668	0.1591			
		0.0471	0.0607	0.0705	0.0862	0.0953	0.1056	0.0832	0.0832	0.0936	0.0987	0.1009			0.0476	0.0781	0.0975	0.1149	0.1492	0.1748	0.134	0.1275	0.1576	0.1568	0.1672			
		0.0459	0.0816	0.1025	0.0943	0.0899	0.0905	0.0818	0.0858	0.1048	0.6253	0.5534			0.0475	0.1297	0.1736	0.1619	0.1416	0.1417	0.1325	0.1385	0.1877	1.1651	1.0593			
		0.0488	0.0801	0.1011	0.0928	0.0975	0.072	0.0895	0.0771	0.1145	0.6804	0.5978			0.0518	0.1225	0.1603	0.1355	0.1626	0.1043	0.1459	0.1164	0.1953	1.2049	1.097			
		0.046	0.0842	0.0825	0.1063	0.0776	0.0912	0.0897	0.0834	0.1306	0.7303	0.5938			0.0478	0.1261	0.1268	0.155	0.1211	0.1331	0.1377	0.1268	0.2246	1.3039	1.0963			
																												
		
~End
Plate:	MDA143 paclitaxel	1.3	PlateFormat	Endpoint	Absorbance	Raw	FALSE	1						2	510 570	1	11	96	2	6	None	
	Temperature(¡C)	1	2	3	4	5	6	7	8	9	10	11	12		1	2	3	4	5	6	7	8	9	10	11	12		
	25.60																											
		0.0468	0.0829	0.105	0.1087	0.1021	0.0987	0.1041	0.1098	0.1171	0.0998	0.1105			0.0483	0.1058	0.1798	0.1801	0.1684	0.1592	0.1718	0.1855	0.2077	0.1719	0.1917			
		0.0464	0.0841	0.1137	0.1226	0.1044	0.1239	0.1069	0.1022	0.1026	0.1104	0.111			0.0479	0.1151	0.1977	0.2104	0.175	0.2199	0.1744	0.1687	0.1782	0.1912	0.1981			
		0.045	0.0763	0.1	0.1135	0.1052	0.1088	0.1065	0.1025	0.1031	0.1019	0.108			0.0459	0.0997	0.1655	0.1954	0.1812	0.1871	0.1888	0.1671	0.1866	0.1699	0.1885			
		0.0448	0.0881	0.0999	0.1044	0.1078	0.1192	0.1249	0.1284	0.1359	0.1636	0.1665			0.0473	0.1378	0.1628	0.1664	0.1877	0.2087	0.2339	0.2234	0.2671	0.3105	0.32			
		0.0466	0.0943	0.1015	0.1017	0.1074	0.1125	0.1209	0.1291	0.1247	0.1589	0.1566			0.0457	0.1477	0.1689	0.1662	0.1854	0.1937	0.2209	0.2283	0.2271	0.3157	0.3105			
		0.0469	0.0975	0.0971	0.1021	0.0997	0.1099	0.1107	0.1253	0.1246	0.1473	0.1519			0.0456	0.1428	0.155	0.1609	0.1645	0.1867	0.1948	0.2282	0.2261	0.2896	0.2912			
																												
		
~End
Plate:	HCC1937 paclitaxel	1.3	PlateFormat	Endpoint	Absorbance	Raw	FALSE	1						2	510 570	1	11	96	2	6	None	
	Temperature(¡C)	1	2	3	4	5	6	7	8	9	10	11	12		1	2	3	4	5	6	7	8	9	10	11	12		
	25.60																											
		0.047	0.0686	0.0814	0.106	0.1024	0.103	0.1019	0.104	0.1033	0.1021	0.1087			0.0481	0.0789	0.1182	0.1736	0.1636	0.1638	0.153	0.1708	0.1586	0.1673	0.18			
		0.0452	0.0743	0.0882	0.1065	0.0996	0.1084	0.1081	0.1074	0.0977	0.1011	0.111			0.0456	0.0911	0.1369	0.171	0.1642	0.1677	0.1825	0.166	0.1593	0.1633	0.1922			
		0.0451	0.0639	0.0898	0.1077	0.1029	0.1323	0.1061	0.1129	0.1015	0.1082	0.1163			0.045	0.0783	0.1351	0.1668	0.1689	0.2112	0.1772	0.1812	0.1758	0.1735	0.2053			
		0.0447	0.1071	0.0994	0.1154	0.1065	0.1262	0.1262	0.1366	0.1466	0.3868	0.3752			0.0451	0.1639	0.1622	0.1838	0.1673	0.206	0.2243	0.2407	0.278	0.7866	0.7711			
		0.0438	0.1042	0.1008	0.1074	0.1111	0.1219	0.1224	0.1409	0.1495	0.3708	0.3609			0.0457	0.1579	0.1601	0.1668	0.1855	0.2007	0.2116	0.2548	0.2791	0.7589	0.7351			
		0.0449	0.1033	0.0976	0.1086	0.117	0.1214	0.1183	0.1356	0.1495	0.3631	0.357			0.0447	0.1518	0.1474	0.1677	0.1977	0.1975	0.2027	0.2413	0.2811	0.7475	0.7198			
																												
		
~End
Plate:	MDA157 erlotinib	1.3	PlateFormat	Endpoint	Absorbance	Raw	FALSE	1						2	510 570	1	11	96	2	6	None	
	Temperature(¡C)	1	2	3	4	5	6	7	8	9	10	11	12		1	2	3	4	5	6	7	8	9	10	11	12		
	25.60																											
		0.0482	0.0812	0.0875	0.0921	0.0983	0.0988	0.0994	0.1023	0.1189	0.1082	0.1311			0.0465	0.1111	0.1287	0.1434	0.1454	0.1454	0.1473	0.154	0.1825	0.1755	0.2167			
		0.0471	0.0836	0.083	0.0963	0.0932	0.095	0.0986	0.1074	0.1	0.0985	0.1072			0.045	0.1086	0.1247	0.1413	0.1446	0.1446	0.1571	0.1481	0.157	0.1548	0.1781			
		0.0471	0.0792	0.0815	0.084	0.0828	0.0908	0.0916	0.0998	0.118	0.1065	0.1125			0.0479	0.0993	0.1171	0.1299	0.1267	0.1377	0.141	0.1616	0.2073	0.1557	0.1903			
		0.045	0.0661	0.0624	0.0686	0.0618	0.0605	0.0577	0.068	0.0664	0.0671	0.0653			0.0468	0.0701	0.0788	0.065	0.068	0.062	0.0675	0.0737	0.0823	0.0703	0.0784			
		0.0458	0.0614	0.0617	0.0597	0.0637	0.0661	0.0605	0.0681	0.0672	0.0647	0.0657			0.0427	0.0617	0.0652	0.0622	0.075	0.0695	0.0671	0.0682	0.0764	0.0732	0.0745			
		0.0463	0.0586	0.0544	0.0579	0.0614	0.061	0.0676	0.0656	0.0659	0.068	0.068			0.0466	0.0572	0.0589	0.0619	0.0603	0.0674	0.0734	0.0706	0.075	0.0745	0.0729			
																												
		
~End
Plate:	ZR-75-1 erlotinib	1.3	PlateFormat	Endpoint	Absorbance	Raw	FALSE	1						2	510 570	1	11	96	2	6	None	
	Temperature(¡C)	1	2	3	4	5	6	7	8	9	10	11	12		1	2	3	4	5	6	7	8	9	10	11	12		
	25.70																											
		0.0475	0.2961	0.303	0.2925	0.3035	0.3455	0.2922	0.31	0.3162	0.3495	0.2847			0.0446	0.6199	0.645	0.632	0.6582	0.7464	0.6747	0.7039	0.7102	0.7561	0.6389			
		0.0487	0.2832	0.305	0.343	0.387	0.3611	0.3846	0.3575	0.3785	0.3691	0.304			0.047	0.602	0.6751	0.7263	0.8415	0.7689	0.8321	0.7613	0.8263	0.7466	0.6833			
		0.0466	0.3075	0.263	0.3365	0.3676	0.4353	0.3553	0.3745	0.3777	0.3924	0.2846			0.0477	0.6303	0.5711	0.7207	0.825	0.8652	0.7797	0.7936	0.8134	0.7904	0.6511			
		0.0459	0.3025	0.3518	0.4007	0.3925	0.3798	0.4107	0.4006	0.3815	0.4089	0.326			0.0464	0.6325	0.7881	0.8652	0.8475	0.8058	0.8798	0.8274	0.8404	0.8474	0.7188			
		0.0475	0.2934	0.3294	0.4467	0.4119	0.4209	0.4373	0.3796	0.411	0.4163	0.3047			0.0431	0.6375	0.7258	0.9613	0.8709	0.8916	0.937	0.8121	0.839	0.8715	0.6881			
		0.0456	0.2624	0.3391	0.3235	0.3673	0.3489	0.3707	0.3353	0.3999	0.3352	0.2668			0.0452	0.5949	0.7199	0.7121	0.7859	0.7226	0.8085	0.7389	0.8083	0.7225	0.5857			
																												
		
~End
Plate:	SW527 erlotinib	1.3	PlateFormat	Endpoint	Absorbance	Raw	FALSE	1						2	510 570	1	11	96	2	6	None	
	Temperature(¡C)	1	2	3	4	5	6	7	8	9	10	11	12		1	2	3	4	5	6	7	8	9	10	11	12		
	25.70																											
		0.0462	0.1379	0.1665	0.2309	0.1693	0.7119	0.8619	0.3549	0.8777	0.4382	0.4374			0.0444	0.2551	0.3215	0.4657	0.3348	1.4666	1.7379	0.772	1.7438	0.9346	0.9183			
		0.0466	0.1337	0.1471	0.1845	0.211	1.0513	0.9178	0.4194	0.5335	0.4581	0.5652			0.0462	0.2266	0.2702	0.355	0.433	1.9948	1.8031	0.8943	1.1232	0.9732	1.2051			
		0.0456	0.1479	0.1482	0.2337	0.2542	0.8581	1.1934	0.4383	0.907	0.7141	1.0434			0.0474	0.2644	0.2941	0.4876	0.5511	1.7092	2.1685	0.95	1.8111	1.4817	1.9557			
		0.0455	0.7698	1.3674	1.0798	0.7059	1.0031	1.2557	0.6385	0.8611	0.7992	1.2648			0.0437	1.567	2.306	2.0381	1.4929	1.9405	2.215	1.3472	1.7362	1.6109	2.1847			
		0.0472	0.7972	1.3091	0.6649	0.8275	0.7775	0.9452	0.436	0.9668	0.8921	1.0724			0.0479	1.6188	2.2618	1.4068	1.6839	1.5814	1.8723	0.9243	1.8757	1.7562	1.9891			
		0.0446	0.7153	1.1241	0.9722	0.9238	0.9732	0.6447	0.5718	0.7527	0.4219	0.5942			0.0416	1.4845	2.0796	1.881	1.8345	1.8832	1.3647	1.2326	1.5424	0.8971	1.2225			
																												
		
~End
Plate:	BT-549 erlotinib	1.3	PlateFormat	Endpoint	Absorbance	Raw	FALSE	1						2	510 570	1	11	96	2	6	None	
	Temperature(¡C)	1	2	3	4	5	6	7	8	9	10	11	12		1	2	3	4	5	6	7	8	9	10	11	12		
	25.70																											
		0.0446	0.1224	0.1542	0.1732	0.2598	0.2958	0.3023	0.3642	0.375	0.2802	0.3452			0.0469	0.234	0.2767	0.3463	0.5256	0.6141	0.6422	0.7428	0.7614	0.6245	0.7409			
		0.046	0.0929	0.1528	0.1964	0.2406	0.346	0.3593	0.4131	0.5001	0.3754	0.3512			0.0444	0.1685	0.2992	0.376	0.4585	0.7062	0.7526	0.8677	0.9939	0.7892	0.7502			
		0.0442	0.1281	0.139	0.1721	0.2359	0.366	0.3581	0.4501	0.4295	0.4252	0.3421			0.046	0.2278	0.2587	0.3239	0.4676	0.7266	0.7551	0.9522	0.8641	0.8483	0.704			
		0.0467	0.3656	0.3633	0.3835	0.3287	0.3576	0.3708	0.4187	0.4384	0.3696	0.3506			0.0457	0.79	0.708	0.7846	0.6859	0.7113	0.8184	0.8499	0.868	0.7276	0.7408			
		0.0432	0.2509	0.397	0.433	0.3761	0.3812	0.3874	0.4264	0.4912	0.4396	0.4471			0.0464	0.5177	0.8454	0.9613	0.7555	0.8196	0.7961	0.8352	0.9834	0.8818	0.9064			
		0.0469	0.3864	0.4377	0.4149	0.4439	0.3801	0.3809	0.3395	0.4458	0.3895	0.307			0.0439	0.8439	0.9243	0.8899	0.8888	0.7878	0.8243	0.7192	0.9337	0.7803	0.707			
																												
		
~End
Plate:	MDA231 erlotinib	1.3	PlateFormat	Endpoint	Absorbance	Raw	FALSE	1						2	510 570	1	11	96	2	6	None	
	Temperature(¡C)	1	2	3	4	5	6	7	8	9	10	11	12		1	2	3	4	5	6	7	8	9	10	11	12		
	25.70																											
		0.0515	0.171	0.197	0.2648	0.2997	0.3382	0.4551	0.3584	0.3806	0.4774	0.4807			0.0489	0.3332	0.4281	0.5511	0.6105	0.6802	0.8767	0.7909	0.7892	0.9631	0.9337			
		0.0504	0.1526	0.2845	0.2723	0.38	0.4466	0.4113	0.4645	0.3685	0.3599	0.3316			0.0437	0.3167	0.5912	0.5884	0.7563	0.885	0.8324	0.9524	0.7732	0.6993	0.6642			
		0.0491	0.1864	0.2573	0.2543	0.3522	0.4727	0.4077	0.4159	0.3753	0.5261	0.4164			0.0442	0.4441	0.494	0.5001	0.7174	0.9244	0.6998	0.8251	0.7329	1.0364	0.8681			
		0.048	0.4063	0.3763	0.4442	0.444	0.4105	0.445	0.4632	0.4991	0.4589	0.3588			0.0456	0.885	0.7195	0.899	0.9249	0.7705	0.868	0.8862	0.9581	0.8637	0.7602			
		0.05	0.3661	0.4386	0.4401	0.4715	0.413	0.517	0.3792	0.4314	0.3689	0.375			0.0441	0.765	0.923	0.8985	0.8998	0.867	0.9823	0.6999	0.7918	0.728	0.7482			
		0.0499	0.3223	0.3329	0.3596	0.3678	0.439	0.4726	0.409	0.583	0.3767	0.3122			0.0472	0.6912	0.7085	0.7279	0.778	0.8996	0.9717	0.8369	1.2047	0.8041	0.6835			
																												
		
~End
Plate:	HCC1187 erlotinib	1.3	PlateFormat	Endpoint	Absorbance	Raw	FALSE	1						2	510 570	1	11	96	2	6	None	
	Temperature(¡C)	1	2	3	4	5	6	7	8	9	10	11	12		1	2	3	4	5	6	7	8	9	10	11	12		
	25.70																											
		0.0459	0.1183	0.1726	0.1706	0.234	0.1779	0.1644	0.2099	0.1679	0.1608	0.2366			0.0457	0.2228	0.3518	0.3482	0.445	0.3277	0.2977	0.4094	0.2846	0.2984	0.4238			
		0.0481	0.0919	0.1978	0.2574	0.29	0.1905	0.1998	0.2503	0.272	0.2077	0.2899			0.0454	0.1806	0.3667	0.4512	0.5649	0.3501	0.3534	0.4394	0.5161	0.3807	0.5496			
		0.046	0.1002	0.225	0.1703	0.2282	0.2117	0.2236	0.1987	0.2096	0.2463	0.2192			0.0486	0.168	0.3943	0.3032	0.4596	0.4007	0.4093	0.3689	0.3642	0.4396	0.4182			
		0.0486	0.2337	0.2716	0.1921	0.294	0.2882	0.2618	0.2999	0.2639	0.3204	0.2143			0.0455	0.4472	0.4813	0.3594	0.576	0.5546	0.4765	0.5569	0.5415	0.5992	0.4133			
		0.0446	0.1642	0.2251	0.2087	0.2948	0.1885	0.2909	0.2148	0.2156	0.1503	0.1696			0.0433	0.3173	0.4656	0.3931	0.6009	0.3611	0.5875	0.4121	0.4015	0.2736	0.3473			
		0.0515	0.1727	0.1445	0.3784	0.2467	0.1853	0.2392	0.205	0.2254	0.2099	0.1846			0.046	0.3741	0.2742	0.7219	0.5321	0.3714	0.4773	0.3876	0.432	0.4038	0.3384			
																												
		
~End
Plate:	AU655 erlotinib	1.3	PlateFormat	Endpoint	Absorbance	Raw	FALSE	1						2	510 570	1	11	96	2	6	None	
	Temperature(¡C)	1	2	3	4	5	6	7	8	9	10	11	12		1	2	3	4	5	6	7	8	9	10	11	12		
	25.80																											
		0.0455	0.0672	0.0694	0.0884	0.1673	0.2457	0.3464	0.5747	0.4922	0.5194	0.4499			0.0435	0.0871	0.0903	0.1289	0.3047	0.5009	0.6853	0.99	0.9177	0.9551	0.8664			
		0.0481	0.0753	0.0715	0.0837	0.1507	0.3169	0.437	0.6093	0.4564	0.5009	0.5188			0.0466	0.0878	0.1008	0.112	0.2784	0.5605	0.7645	0.9634	0.8949	0.911	0.9871			
		0.0475	0.0632	0.0845	0.081	0.1598	0.283	0.3066	0.4475	0.5201	0.5859	0.4758			0.0478	0.0797	0.1082	0.1127	0.2882	0.5184	0.5399	0.8354	0.9719	1.0414	0.94			
		0.0455	0.4677	0.6286	0.5147	0.5093	0.6032	0.5048	0.5909	0.4491	0.5309	0.4166			0.046	0.9484	0.967	1.0002	0.9116	1.1434	1.0128	1.067	0.8517	0.982	0.8224			
		0.0444	0.3324	0.4727	0.5201	0.4653	0.5989	0.4436	0.5489	0.4971	0.511	0.4769			0.0433	0.6274	0.9333	0.9268	0.8807	1.1961	0.8588	0.9884	0.9942	1.0328	0.9768			
		0.0465	0.409	0.4466	0.5056	0.463	0.4229	0.4238	0.4778	0.5334	0.3452	0.3816			0.047	0.8746	0.8272	1.0048	0.8799	0.8	0.7838	0.9239	1.031	0.7007	0.7367			
																												
		
~End
Plate:	MFM223 erlotinib	1.3	PlateFormat	Endpoint	Absorbance	Raw	FALSE	1						2	510 570	1	11	96	2	6	None	
	Temperature(¡C)	1	2	3	4	5	6	7	8	9	10	11	12		1	2	3	4	5	6	7	8	9	10	11	12		
	25.80																											
		0.0437	0.1408	0.1362	0.1365	0.1514	0.1443	0.1503	0.1701	0.1366	0.1714	0.168			0.046	0.2838	0.2711	0.2577	0.3113	0.2954	0.3187	0.3281	0.2727	0.3774	0.3526			
		0.0432	0.1269	0.1152	0.1608	0.1332	0.2102	0.1906	0.1817	0.1591	0.2199	0.1546			0.0461	0.255	0.2179	0.2928	0.2657	0.3884	0.3692	0.3818	0.3235	0.3948	0.3078			
		0.0457	0.1095	0.1043	0.1171	0.1646	0.1581	0.186	0.1483	0.1535	0.1924	0.1399			0.0479	0.182	0.1912	0.2079	0.3127	0.3282	0.3674	0.2697	0.3044	0.3625	0.2933			
		0.0469	0.0612	0.0507	0.0579	0.0514	0.0556	0.0526	0.0556	0.0597	0.0589	0.0602			0.048	0.0611	0.0628	0.0575	0.0627	0.0556	0.0665	0.0606	0.0711	0.0627	0.0732			
		0.0474	0.0569	0.0496	0.0591	0.0527	0.0551	0.0502	0.0562	0.0593	0.0586	0.06			0.0482	0.0565	0.0582	0.0619	0.0608	0.0583	0.0623	0.0612	0.0668	0.066	0.0715			
		0.0483	0.0604	0.0547	0.0571	0.0549	0.0577	0.0555	0.0611	0.0625	0.0623	0.0646			0.0481	0.0691	0.0622	0.0626	0.0595	0.0609	0.0636	0.0678	0.068	0.071	0.0756			
																												
		
~End
Plate:	HCC1806 erlotinib	1.3	PlateFormat	Endpoint	Absorbance	Raw	FALSE	1						2	510 570	1	11	96	2	6	None	
	Temperature(¡C)	1	2	3	4	5	6	7	8	9	10	11	12		1	2	3	4	5	6	7	8	9	10	11	12		
	25.80																											
		0.0485	0.1034	0.0895	0.1186	0.2257	0.2775	0.2919	0.3009	0.2298	0.2984	0.3042			0.0462	0.1583	0.1316	0.2064	0.3903	0.5086	0.5279	0.5786	0.4596	0.5621	0.5944			
		0.0472	0.08	0.1096	0.1358	0.2102	0.3657	0.3315	0.4217	0.3013	0.3385	0.3622			0.0469	0.1226	0.1805	0.2407	0.3675	0.6507	0.5793	0.7133	0.5175	0.6095	0.6336			
		0.0466	0.0935	0.1232	0.1482	0.2779	0.3199	0.2648	0.3023	0.252	0.2885	0.2887			0.0456	0.1429	0.1902	0.2468	0.475	0.6018	0.4624	0.535	0.4572	0.5035	0.5254			
		0.0447	0.2772	0.3666	0.2904	0.404	0.272	0.2696	0.3444	0.3121	0.3388	0.2733			0.045	0.5553	0.7003	0.4975	0.7997	0.5503	0.4988	0.6701	0.5647	0.6187	0.5656			
		0.0477	0.2573	0.4152	0.2986	0.2673	0.4261	0.4248	0.3049	0.384	0.3415	0.2663			0.0471	0.5336	0.7772	0.5404	0.4949	0.8099	0.8392	0.5654	0.6951	0.656	0.5456			
		0.0484	0.2241	0.2565	0.354	0.3362	0.4323	0.3583	0.2766	0.2919	0.2896	0.1952			0.0464	0.4784	0.5739	0.7226	0.6451	0.9216	0.6968	0.5163	0.5464	0.5306	0.3991			
																												
		
~End
Plate:	HCC1143 erlotinib	1.3	PlateFormat	Endpoint	Absorbance	Raw	FALSE	1						2	510 570	1	11	96	2	6	None	
	Temperature(¡C)	1	2	3	4	5	6	7	8	9	10	11	12		1	2	3	4	5	6	7	8	9	10	11	12		
	25.80																											
		0.0458	0.1636	0.1721	0.2527	0.2674	0.3373	0.37	0.3537	0.4004	0.322	0.3595			0.0479	0.3114	0.335	0.4998	0.5281	0.6666	0.7129	0.6942	0.7622	0.6154	0.7046			
		0.0465	0.16	0.2432	0.3106	0.3767	0.449	0.4158	0.4995	0.4709	0.3732	0.3517			0.0495	0.3237	0.4472	0.5636	0.7003	0.806	0.7648	0.9149	0.8705	0.7137	0.6726			
		0.046	0.181	0.2512	0.2975	0.3828	0.3917	0.3726	0.4216	0.4576	0.3858	0.4278			0.0502	0.3735	0.4752	0.5915	0.7166	0.7538	0.6961	0.7873	0.846	0.7036	0.8375			
		0.0468	0.3036	0.4668	0.489	0.498	0.5583	0.5172	0.5141	0.4861	0.4074	0.4531			0.0492	0.6298	0.881	0.9111	0.9475	1.0387	0.9828	1.005	0.9388	0.8095	0.8953			
		0.0463	0.3469	0.5364	0.5799	0.4256	0.4316	0.5128	0.4783	0.556	0.4616	0.4145			0.049	0.6761	1.0536	1.0988	0.8155	0.8589	1.0197	0.923	1.0084	0.8552	0.8283			
		0.051	0.3616	0.346	0.4766	0.5881	0.5399	0.5308	0.5242	0.4405	0.4415	0.4199			0.0562	0.7028	0.6789	0.9474	1.1537	1.0783	1.0024	0.9499	0.8102	0.8423	0.8234			
																												
		
~End
Plate:	MDA143 erlotinib	1.3	PlateFormat	Endpoint	Absorbance	Raw	FALSE	1						2	510 570	1	11	96	2	6	None	
	Temperature(¡C)	1	2	3	4	5	6	7	8	9	10	11	12		1	2	3	4	5	6	7	8	9	10	11	12		
	25.80																											
		0.044	0.1118	0.1057	0.1045	0.1105	0.1116	0.1107	0.114	0.1155	0.1064	0.1136			0.046	0.1692	0.1743	0.1582	0.1813	0.1828	0.1775	0.1804	0.1926	0.171	0.1814			
		0.0438	0.111	0.106	0.1185	0.1087	0.1225	0.1182	0.1167	0.1139	0.1122	0.1151			0.0478	0.1572	0.1736	0.1888	0.1756	0.193	0.1943	0.182	0.1881	0.1799	0.1847			
		0.0463	0.1007	0.0964	0.1064	0.1157	0.1304	0.1182	0.1284	0.1187	0.1177	0.1144			0.0475	0.1527	0.1513	0.1587	0.1947	0.2037	0.1941	0.1953	0.1941	0.1941	0.1821			
		0.0472	0.1141	0.1107	0.1174	0.1196	0.1314	0.1329	0.1231	0.1279	0.1155	0.1132			0.0445	0.1731	0.1856	0.1788	0.1926	0.2118	0.2143	0.1977	0.2046	0.1884	0.1816			
		0.0479	0.1183	0.1155	0.1159	0.1271	0.1406	0.1288	0.1256	0.1211	0.1147	0.1168			0.0432	0.1848	0.1953	0.188	0.2073	0.2097	0.2129	0.1973	0.1984	0.1879	0.1809			
		0.0463	0.1155	0.107	0.1102	0.112	0.1375	0.1251	0.1222	0.1145	0.1125	0.1206			0.0434	0.1828	0.1722	0.1827	0.1735	0.2112	0.1989	0.1914	0.1939	0.1852	0.1917			
																												
		
~End
Plate:	HCC1937 erlotinib	1.3	PlateFormat	Endpoint	Absorbance	Raw	FALSE	1						2	510 570	1	11	96	2	6	None	
	Temperature(¡C)	1	2	3	4	5	6	7	8	9	10	11	12		1	2	3	4	5	6	7	8	9	10	11	12		
	25.80																											
		0.0441	0.1509	0.139	0.1614	0.195	0.2371	0.2502	0.2542	0.2606	0.2717	0.2657			0.0439	0.2446	0.2302	0.2755	0.3421	0.4277	0.4457	0.464	0.4744	0.4995	0.4821			
		0.0461	0.1422	0.1404	0.159	0.206	0.2615	0.2484	0.2522	0.2531	0.2873	0.2713			0.0445	0.2235	0.2379	0.2585	0.371	0.4615	0.4523	0.4647	0.4736	0.5203	0.5094			
		0.0494	0.1333	0.1384	0.174	0.2092	0.2485	0.2206	0.2689	0.2726	0.2662	0.2631			0.0465	0.2129	0.2302	0.2858	0.3716	0.444	0.4144	0.496	0.518	0.4769	0.4986			
		0.0439	0.2849	0.2958	0.2942	0.3333	0.3721	0.3295	0.3587	0.3262	0.331	0.2925			0.0448	0.5202	0.5516	0.5393	0.6379	0.6796	0.633	0.6701	0.6228	0.6246	0.5482			
		0.0456	0.2698	0.324	0.3024	0.2975	0.3608	0.3376	0.3122	0.321	0.3223	0.2994			0.0459	0.4898	0.5937	0.5604	0.5585	0.6747	0.6415	0.5902	0.6107	0.611	0.559			
		0.0463	0.2863	0.2975	0.3079	0.3395	0.3621	0.3278	0.301	0.3134	0.3139	0.2923			0.0436	0.5122	0.5426	0.5697	0.6393	0.6889	0.6145	0.5701	0.5821	0.5993	0.5367			
																												
		
~End