##BLOCKS= 25         
Note:

~End
Plate:	MPE600 UNC0642/nothing	1.3	PlateFormat	Endpoint	Absorbance	Raw	FALSE	1						1	570	2	10	96	2	6	None	
	Temperature(¡C)	1	2	3	4	5	6	7	8	9	10	11	12		
	27.10														
		0.045	0.1047	0.1072	2.1554	2.3403	2.266	2.3817	2.3222	2.3865	2.3759	2.371			
		0.045	0.0973	0.1017	2.1623	2.3354	2.4313	2.4439	2.4074	2.3785	2.3821	2.4304			
		0.045	0.1143	0.2722	2.2839	2.3771	2.4349	2.4025	2.4121	2.4359	2.4356	2.3962			
		0.045	0.1274	0.1238	2.3565	2.4057	2.4498	2.4308	2.4198	2.3924	2.3848	2.3004			
		0.045	0.1227	0.1184	2.2692	2.3706	2.4579	2.3687	2.4543	2.391	2.3994	2.3046			
		0.045	0.1065	0.1177	2.2425	2.3502	2.3786	2.3977	2.3612	2.3256	2.3178	2.3266			
															
		
~End
Plate:	HS578T UNC0642/nothing	1.3	PlateFormat	Endpoint	Absorbance	Raw	FALSE	1						1	570	2	10	96	2	6	None	
	Temperature(¡C)	1	2	3	4	5	6	7	8	9	10	11	12		
	27.20														
		0.045	0.1323	0.3954	1.0479	1.2725	1.2778	1.1319	1.1117	1.121	1.1324	1.0687			
		0.045	0.1418	0.3787	1.362	1.3136	1.3369	1.3681	1.501	1.2204	1.2335	1.021			
		0.045	0.1668	0.6234	1.2286	1.3367	1.5575	1.4426	1.3979	1.3747	1.3827	1.1095			
		0.045	0.1279	0.1509	1.1329	1.4067	1.5236	1.4638	1.4251	1.3601	1.2052	0.9622			
		0.045	0.1232	0.1587	1.1379	1.3491	1.4001	1.3904	1.2875	1.3741	1.2557	0.916			
		0.045	0.1365	0.1784	0.9544	1.2504	1.2796	1.3353	1.4229	1.2335	1.2222	0.9772			
															
		
~End
Plate:	HCT116 UNC0642/nothing	1.3	PlateFormat	Endpoint	Absorbance	Raw	FALSE	1						1	570	2	10	96	2	6	None	
	Temperature(¡C)	1	2	3	4	5	6	7	8	9	10	11	12		
	27.20														
		0.045	0.1468	2.4669	2.4846	2.4807	2.5133	2.5051	2.49	2.4894	2.4872	2.4693			
		0.045	0.132	2.453	2.4893	2.5115	2.4778	2.5118	2.4955	2.4978	2.4913	2.4944			
		0.045	0.1463	2.4426	2.4732	2.51	2.4883	2.5036	2.4831	2.4798	2.4868	2.4681			
		0.045	0.1149	0.2134	2.5018	2.4796	2.4584	2.5017	2.489	2.4656	2.4558	2.4674			
		0.045	0.1069	0.1557	2.5007	2.4654	2.4964	2.5091	2.5091	2.4838	2.4735	2.4917			
		0.045	0.1085	0.1437	2.4409	2.4528	2.4713	2.4927	2.4678	2.4709	2.4506	2.4411			
															
		
~End
Plate:	CAL120 UNC0642/nothing	1.3	PlateFormat	Endpoint	Absorbance	Raw	FALSE	1						1	570	2	10	96	2	6	None	
	Temperature(¡C)	1	2	3	4	5	6	7	8	9	10	11	12		
	27.20														
		0.045	0.1013	0.3498	1.6332	1.4212	1.521	1.5543	1.3482	1.5904	1.3841	1.3017			
		0.045	0.1167	0.4757	1.8013	1.8951	1.862	1.744	1.6513	1.6765	1.5274	1.5288			
		0.045	0.1237	0.4447	1.8739	1.8541	1.8739	1.6278	1.707	1.722	1.5478	1.4537			
		0.045	0.1225	0.2097	1.5099	1.5381	1.5126	1.6152	1.7497	1.618	1.697	1.2773			
		0.045	0.1404	0.1877	1.3557	1.4313	1.5269	1.6079	1.7619	1.6754	1.4357	1.3106			
		0.045	0.1324	0.2567	1.2852	1.2688	1.4452	1.513	1.6447	1.5462	1.5276	1.2083			
															
		
~End
Plate:	BT20 UNC0642/nothing	1.3	PlateFormat	Endpoint	Absorbance	Raw	FALSE	1						1	570	2	10	96	2	6	None	
	Temperature(¡C)	1	2	3	4	5	6	7	8	9	10	11	12		
	27.20														
		0.045	0.1901	0.4503	0.6748	0.741	0.8127	0.8015	0.7826	0.7584	0.8184	0.8204			
		0.045	0.1859	0.6489	1.034	1.1701	1.2657	1.0511	1.1395	1.039	0.9324	0.7356			
		0.045	0.2052	0.6298	1.0877	1.0311	1.1476	1.1081	1.1636	1.1278	1.0566	0.8164			
		0.045	0.1617	0.6954	1.112	1.1357	1.131	1.1273	1.2174	1.111	1.0606	0.8448			
		0.045	0.1598	0.5872	1.0802	1.2266	1.1986	1.281	1.2633	1.1871	1.0984	0.7751			
		0.045	0.1459	0.4077	0.9549	1.0911	1.1021	1.1798	1.1033	1.1259	0.9767	0.7988			
															
		
~End
Plate:	MDA436 UNC0642/nothing	1.3	PlateFormat	Endpoint	Absorbance	Raw	FALSE	1						1	570	2	10	96	2	6	None	
	Temperature(¡C)	1	2	3	4	5	6	7	8	9	10	11	12		
	27.20														
		0.045	0.1055	0.2345	0.4714	0.5621	0.6345	0.7176	0.5967	0.6748	0.7348	0.7257			
		0.045	0.1025	0.2077	0.5762	0.829	0.841	0.7992	0.8535	0.7515	0.975	0.6302			
		0.045	0.1183	0.1933	0.6636	0.9034	0.9175	0.9049	0.8794	0.9592	0.8804	0.6718			
		0.045	0.1232	0.1143	0.5845	0.8657	0.9272	0.9099	0.9078	0.9017	0.9577	0.5387			
		0.045	0.1256	0.1376	0.597	0.8866	0.8692	0.9348	1.0571	0.985	0.8955	0.659			
		0.045	0.1109	0.1297	0.5805	0.73	0.8781	0.9047	0.9693	0.9732	0.881	0.7081			
															
		
~End
Plate:	BT474 UNC0642/nothing	1.3	PlateFormat	Endpoint	Absorbance	Raw	FALSE	1						1	570	2	10	96	2	6	None	
	Temperature(¡C)	1	2	3	4	5	6	7	8	9	10	11	12		
	27.20														
		0.045	0.1054	1.0915	1.9394	2.0769	2.1095	2.0315	2.0419	2.1088	2.0075	1.7077			
		0.045	0.1119	1.6008	2.0616	2.0821	2.1393	2.0945	2.1823	2.1289	2.1446	2.0189			
		0.045	0.1208	1.6613	2.0488	2.0992	2.1066	2.0488	2.1033	2.0572	2.144	1.9535			
		0.045	0.1446	0.1521	1.7318	2.0661	2.0564	2.0039	2.1032	2.1066	2.1472	1.7177			
		0.045	0.1319	0.1241	1.8177	2.0576	2.0229	2.1536	2.0689	2.1626	2.1083	1.663			
		0.045	0.1153	0.1174	1.8824	2.0367	2.0532	2.1295	2.1612	2.1122	2.1145	1.7372			
															
		
~End
Plate:	CAMA1 UNC0642/nothing	1.3	PlateFormat	Endpoint	Absorbance	Raw	FALSE	1						1	570	2	10	96	2	6	None	
	Temperature(¡C)	1	2	3	4	5	6	7	8	9	10	11	12		
	27.20														
		0.045	0.1395	1.7869	2.2962	2.3061	2.3545	2.364	2.1154	2.3442	2.0729	2.0844			
		0.045	0.1384	2.0335	2.3932	2.3975	2.4106	2.3933	2.3065	2.1565	2.2084	2.3262			
		0.045	0.1653	2.1098	2.368	2.3304	2.3983	2.3358	2.3813	2.3957	2.3804	2.342			
		0.045	0.1501	1.3223	1.8734	2.0589	2.1878	2.2291	2.226	2.1762	2.1326	2.201			
		0.045	0.1595	0.5299	1.9157	2.0429	2.1936	2.2319	2.2061	2.2415	2.08	2.1522			
		0.045	0.1273	0.2447	1.8246	2.2284	2.1333	2.2068	2.2242	2.21	2.035	2.2015			
															
		
~End
Plate:	MDA468 UNC0642/nothing	1.3	PlateFormat	Endpoint	Absorbance	Raw	FALSE	1						1	570	2	10	96	2	6	None	
	Temperature(¡C)	1	2	3	4	5	6	7	8	9	10	11	12		
	27.20														
		0.045	0.1454	0.2315	2.4056	2.4512	2.4556	2.4448	2.4428	2.3406	2.4243	2.4133			
		0.045	0.161	0.2191	2.4097	2.4341	2.4246	2.4452	2.4331	2.4364	2.4096	2.4532			
		0.045	0.1606	0.215	2.3617	2.4119	2.4069	2.4117	2.433	2.413	2.4167	2.3775			
		0.045	0.1674	0.196	2.1909	2.2945	2.4207	2.4112	2.415	2.4067	2.4138	2.3776			
		0.045	0.1236	0.1978	2.139	2.3442	2.3992	2.4116	2.4341	2.4344	2.4112	2.3971			
		0.045	0.1239	0.1641	2.2109	2.3536	2.416	2.39	2.4021	2.3949	2.4214	2.3721			
															
		
~End
Plate:	OCUB1 UNC0642/nothing	1.3	PlateFormat	Endpoint	Absorbance	Raw	FALSE	1						1	570	2	10	96	2	6	None	
	Temperature(¡C)	1	2	3	4	5	6	7	8	9	10	11	12		
	27.20														
		0.045	0.1013	0.1136	1.4724	1.9519	1.841	1.8627	1.7813	1.7686	1.7433	1.4999			
		0.045	0.1075	0.1229	1.5365	1.9642	2.0179	1.887	1.9478	1.7515	1.7797	1.4866			
		0.045	0.13	0.1387	1.593	1.746	2.0325	1.7988	1.8999	1.8036	1.7781	1.6884			
		0.045	0.1264	0.15	1.22	1.734	1.7172	1.8932	1.8837	1.8891	1.8489	1.6941			
		0.045	0.1176	0.1416	1.2388	1.6931	1.8479	1.9245	1.9948	1.7978	1.846	1.5756			
		0.045	0.113	0.1359	1.2871	1.689	1.7498	1.8735	1.8797	1.8237	1.8258	1.6403			
															
		
~End
Plate:	DU145 UNC0642/nothing	1.3	PlateFormat	Endpoint	Absorbance	Raw	FALSE	1						1	570	2	10	96	2	6	None	
	Temperature(¡C)	1	2	3	4	5	6	7	8	9	10	11	12		
	27.30														
		0.045	0.1139	1.4491	1.9659	2.0205	1.9472	1.9355	1.942	1.972	1.9055	1.6451			
		0.045	0.1146	1.6924	2.0666	2.0666	2.1391	2.0333	2.0696	1.9814	1.9815	1.9491			
		0.045	0.1431	1.477	2.0301	2.0449	2.0845	2.0037	2.0436	1.9877	1.9727	1.7852			
		0.045	0.1105	0.2052	1.8334	1.9495	2.0374	1.9802	1.8969	1.908	1.8906	1.8368			
		0.045	0.1071	0.1791	1.8041	1.9288	1.9491	1.9805	2.0173	1.8429	1.7806	1.8087			
		0.045	0.113	0.136	1.713	1.8991	2.0007	1.8734	1.8606	1.8343	1.8181	1.7015			
															
		
~End
Plate:	EVSAT UNC0642/nothing	1.3	PlateFormat	Endpoint	Absorbance	Raw	FALSE	1						1	570	2	10	96	2	6	None	
	Temperature(¡C)	1	2	3	4	5	6	7	8	9	10	11	12		
	27.30														
		0.045	0.1359	0.1407	1.8163	2.4596	2.4558	2.4637	2.4605	2.4228	2.4358	2.4152			
		0.045	0.1324	0.1329	0.8518	2.3887	2.4646	2.4815	2.4185	2.4742	2.4602	2.4414			
		0.045	0.1291	0.1232	1.1332	2.4002	2.4422	2.4673	2.4543	2.4517	2.4662	2.4076			
		0.045	0.1838	0.1086	0.4602	2.0972	2.3715	2.383	2.4575	2.4485	2.4276	2.3318			
		0.045	0.125	0.1003	0.5155	2.182	2.415	2.4309	2.4472	2.4389	2.4155	2.2872			
		0.045	0.1231	0.1219	0.3229	1.8658	2.4058	2.4451	2.3599	2.3625	2.3962	2.2665			
															
		
~End
Plate:	T47D UNC0642/nothing	1.3	PlateFormat	Endpoint	Absorbance	Raw	FALSE	1						1	570	2	10	96	2	6	None	
	Temperature(¡C)	1	2	3	4	5	6	7	8	9	10	11	12		
	27.30														
		0.045	0.1258	1.817	1.9272	2.0346	1.9931	2.007	2.0688	2.0467	1.927	1.9378			
		0.045	0.1241	1.8693	2.0005	2.0332	1.9666	2.0485	2.0459	1.9933	1.9472	1.9622			
		0.045	0.1236	1.794	1.9961	1.9302	2.0477	1.9921	1.9644	2.0703	1.9477	1.9346			
		0.045	0.1263	0.1242	1.5513	1.9633	2.0809	2.1105	2.1097	2.1136	1.9515	2.0063			
		0.045	0.1245	0.136	1.622	1.9752	2.0603	2.1465	2.1712	2.0066	2.0183	1.9593			
		0.045	0.1396	0.1401	1.6157	1.9572	2.142	2.0973	2.0078	1.9944	2.0273	2.0038			
															
		
~End
Plate:	SKBR5 UNC0642/nothing	1.3	PlateFormat	Endpoint	Absorbance	Raw	FALSE	1						1	570	2	10	96	2	6	None	
	Temperature(¡C)	1	2	3	4	5	6	7	8	9	10	11	12		
	27.30														
		0.045	0.3779	1.9961	2.1442	2.1265	2.1581	2.0286	2.0978	2.0845	2.0551	2.1168			
		0.045	0.2898	2.0341	2.2097	2.2169	2.1593	2.1792	2.1775	2.0851	2.1149	2.1264			
		0.045	0.2557	2.1143	2.2477	2.2737	2.2434	2.1736	2.1999	2.1661	2.133	2.1546			
		0.045	0.1509	1.1041	1.9294	2.1355	2.2145	2.1188	2.1596	1.1946	2.0026	2.0811			
		0.045	0.1674	1.0272	1.8425	2.0607	2.1599	2.1201	2.1314	2.0775	1.9776	1.8865			
		0.045	0.1565	1.0442	1.7481	2.0177	2.0812	2.0043	2.0357	1.9609	1.9693	2.1309			
															
		
~End
Plate:	AU655 UNC0642/nothing	1.3	PlateFormat	Endpoint	Absorbance	Raw	FALSE	1						1	570	2	10	96	2	6	None	
	Temperature(¡C)	1	2	3	4	5	6	7	8	9	10	11	12		
	27.30														
		0.045	0.1103	0.2696	1.3375	1.6413	1.5995	1.5725	1.5605	1.483	1.3717	1.3026			
		0.045	0.1238	0.3001	1.493	1.6125	1.7453	1.5197	1.7253	1.6058	1.5677	1.332			
		0.045	0.1458	0.4793	1.4993	1.8366	1.7485	1.7207	1.8085	1.6687	1.4994	1.4546			
		0.045	0.1346	0.1386	0.9221	1.4612	1.6545	1.6476	1.8098	1.7123	1.6011	1.1977			
		0.045	0.1406	0.1387	0.8785	1.2075	1.5318	1.6133	1.761	1.6043	1.5132	1.1534			
		0.045	0.1674	0.1527	0.7701	1.1404	1.568	1.62	1.6951	1.6279	1.4737	1.2421			
															
		
~End
Plate:	CAL51 UNC0642/nothing	1.3	PlateFormat	Endpoint	Absorbance	Raw	FALSE	1						1	570	2	10	96	2	6	None	
	Temperature(¡C)	1	2	3	4	5	6	7	8	9	10	11	12		
	27.30														
		0.045	0.1119	1.3279	2.3298	2.3396	2.3714	2.2926	2.3828	2.3313	2.29	2.192			
		0.045	0.1053	1.3305	2.2253	2.3965	2.2815	2.4138	2.3747	2.2458	2.3412	2.3341			
		0.045	0.1128	1.1543	2.2754	2.3533	2.3817	2.3593	2.326	2.2421	2.3247	2.253			
		0.045	0.1199	0.3596	2.2439	2.3429	2.3505	2.3137	2.297	2.2176	2.3009	2.107			
		0.045	0.129	0.2584	2.1781	2.3144	2.3615	2.3927	2.3877	2.3501	2.2506	2.4711			
		0.045	0.1245	0.1572	2.1323	2.3352	2.3791	2.3997	2.326	2.2713	2.2805	2.1446			
															
		
~End
Plate:	CAL148 UNC0642/nothing	1.3	PlateFormat	Endpoint	Absorbance	Raw	FALSE	1						1	570	2	10	96	2	6	None	
	Temperature(¡C)	1	2	3	4	5	6	7	8	9	10	11	12		
	27.30														
		0.045	0.1238	0.3318	1.2592	1.2937	1.3027	1.285	1.2212	1.0433	0.9031	1.0893			
		0.045	0.1193	0.3919	1.3892	1.4404	1.3997	1.3888	1.3387	1.1959	1.2354	0.9828			
		0.045	0.138	0.3762	1.494	1.4099	1.4328	1.6291	1.3724	1.4169	1.1598	1.2121			
		0.045	0.1659	0.8124	1.0132	1.1963	1.2554	1.8562	1.3757	1.2997	1.3184	1.1216			
		0.045	0.1559	0.7518	1.1156	1.0083	1.4188	1.3916	1.4096	1.3489	1.3233	1.3			
		0.045	0.1571	0.2427	0.9099	1.0137	1.4503	1.2534	1.4561	1.4093	1.2696	1.2455			
															
		
~End
Plate:	MFM223 UNC0642/nothing	1.3	PlateFormat	Endpoint	Absorbance	Raw	FALSE	1						1	570	2	10	96	2	6	None	
	Temperature(¡C)	1	2	3	4	5	6	7	8	9	10	11	12		
	27.30														
		0.045	0.1612	0.3078	1.3907	1.4826	1.5524	1.4778	1.4796	1.4415	1.3319	1.2647			
		0.045	0.1611	0.3353	1.4274	1.5129	1.535	1.458	1.5824	1.5888	1.5262	1.2897			
		0.045	0.1589	0.3625	1.3917	1.559	1.5487	1.5627	1.6071	1.5905	1.564	1.3968			
		0.045	0.1447	0.2119	1.4999	1.6044	1.6767	1.5454	1.5802	1.5048	1.4674	1.3803			
		0.045	0.1427	0.149	1.459	1.4397	1.5492	1.566	1.4886	1.4409	1.4059	1.2021			
		0.045	0.1331	0.1408	1.3127	1.527	1.4425	1.5407	1.4083	1.4244	1.3031	1.2647			
															
		
~End
Plate:	LY2 UNC0642/nothing	1.3	PlateFormat	Endpoint	Absorbance	Raw	FALSE	1						1	570	2	10	96	2	6	None	
	Temperature(¡C)	1	2	3	4	5	6	7	8	9	10	11	12		
	27.30														
		0.045	0.1622	0.8638	2.2914	2.3179	2.3695	2.3781	2.3988	2.3773	2.3308	2.3093			
		0.045	0.1791	1.3181	2.3182	2.338	2.3492	2.3662	2.3509	2.327	2.3742	2.348			
		0.045	0.1532	1.1586	2.29	2.2807	2.2564	2.3619	2.279	2.3501	2.3001	2.2852			
		0.045	0.1545	0.1903	1.7112	2.077	2.2316	2.2824	2.2811	2.1986	2.1913	2.0252			
		0.045	0.1683	0.1831	1.7147	2.1147	2.2059	2.1921	2.303	2.1405	2.154	1.8806			
		0.045	0.1515	0.1734	1.6697	2.0125	2.2218	2.1806	2.1789	2.1533	2.0618	1.8738			
															
		
~End
Plate:	HCC38 UNC0642/nothing	1.3	PlateFormat	Endpoint	Absorbance	Raw	FALSE	1						1	570	2	10	96	2	6	None	
	Temperature(¡C)	1	2	3	4	5	6	7	8	9	10	11	12		
	27.30														
		0.045	0.1172	0.508	0.938	1.0008	0.9604	1.0879	0.8019	0.8679	0.767	0.9585			
		0.045	0.1119	0.6736	1.0419	1.086	1.0748	1.085	1.05	1.0545	1.0514	0.8974			
		0.045	0.1635	0.6247	0.9503	1.0776	1.1686	1.1212	1.1927	1.1377	1.1087	0.9769			
		0.045	0.1298	0.2869	0.9743	1.154	1.1606	1.1879	1.2151	1.1142	1.1739	0.9983			
		0.045	0.1489	0.2056	0.8929	0.9344	1.0845	1.1442	1.159	1.0373	1.1197	1.2149			
		0.045	0.1332	0.1754	0.8476	1.0745	1.091	1.1472	1.1485	0.9979	0.907	0.9897			
															
		
~End
Plate:	JIMT1 UNC0642/nothing	1.3	PlateFormat	Endpoint	Absorbance	Raw	FALSE	1						1	570	2	10	96	2	6	None	
	Temperature(¡C)	1	2	3	4	5	6	7	8	9	10	11	12		
	27.30														
		0.045	0.1351	0.2373	1.0337	1.5687	1.6375	1.6606	1.7149	1.7826	1.6927	1.4387			
		0.045	0.1359	0.2498	1.181	1.5765	1.6471	1.7552	1.8325	1.677	1.6873	1.4939			
		0.045	0.1482	0.298	1.343	1.5535	1.7049	1.7431	1.8213	1.6599	1.6829	1.6236			
		0.045	0.1393	0.1655	1.3258	1.7614	1.9159	1.8141	1.8677	1.7199	1.7142	1.4533			
		0.045	0.1288	0.1526	1.2375	1.7161	1.7638	1.7224	1.8587	1.5965	1.7545	1.3566			
		0.045	0.1346	0.1616	1.2562	1.6663	1.7227	1.7947	1.767	1.7581	1.7503	1.3539			
															
		
~End
Plate:	SW527 UNC0642/nothing	1.3	PlateFormat	Endpoint	Absorbance	Raw	FALSE	1						1	570	2	10	96	2	6	None	
	Temperature(¡C)	1	2	3	4	5	6	7	8	9	10	11	12		
	27.30														
		0.045	0.0886	0.1014	2.3156	2.4357	2.421	2.472	2.4561	2.4681	2.4373	2.4359			
		0.045	0.0966	0.0948	2.1145	2.4105	2.4255	2.4655	2.4385	2.4785	2.4414	2.47			
		0.045	0.0902	0.0892	2.0084	2.4204	2.4077	2.4321	2.4015	2.3916	2.3933	2.4546			
		0.045	0.0902	0.0956	2.3326	2.4413	2.4489	2.4389	2.4378	2.4169	2.4377	2.4131			
		0.045	0.0872	0.0997	2.3685	2.3978	2.4677	2.4217	2.4347	2.4551	2.432	2.473			
		0.045	0.0872	0.0893	2.336	2.4095	2.4149	2.4087	2.3981	2.4181	2.4268	2.4203			
															
		
~End
Plate:	KPL1 UNC0642/nothing	1.3	PlateFormat	Endpoint	Absorbance	Raw	FALSE	1						1	570	2	10	96	2	6	None	
	Temperature(¡C)	1	2	3	4	5	6	7	8	9	10	11	12		
	27.30														
		0.045	0.1315	0.8389	2.0509	2.2313	2.2436	2.2585	2.3298	2.2602	2.2884	2.2404			
		0.045	0.1144	0.7976	1.9499	2.1688	2.2531	2.2922	2.2295	2.1523	2.1973	2.2139			
		0.045	0.1581	0.7564	1.9836	2.1537	2.2523	2.1967	2.1775	2.2627	2.3563	2.2543			
		0.045	0.1238	0.1493	1.5188	2.1741	2.2869	2.288	2.3092	2.2917	2.2113	2.1084			
		0.045	0.1384	0.185	1.4474	2.1226	2.1653	2.2689	2.2997	2.2048	2.1931	2.0811			
		0.045	0.1311	0.2613	1.5407	2.0686	2.1441	2.1922	2.152	2.1256	2.1141	2.1601			
															
		
~End
Plate:	MDA231 UNC0642/nothing	1.3	PlateFormat	Endpoint	Absorbance	Raw	FALSE	1						1	570	2	10	96	2	6	None	
	Temperature(¡C)	1	2	3	4	5	6	7	8	9	10	11	12		
	27.30														
		0.045	0.0805	0.1637	1.3776	1.6006	1.5907	1.7157	1.6311	1.6031	1.5373	1.4193			
		0.045	0.0785	0.1842	1.3555	1.6174	1.7197	1.561	1.5717	1.6332	1.5735	1.4101			
		0.045	0.0806	0.1678	1.3514	1.6306	1.6517	1.6093	1.5903	1.5779	1.5186	1.5957			
		0.045	0.0833	0.0919	1.2806	1.5285	1.6553	1.6007	1.4581	1.5417	1.5466	1.5705			
		0.045	0.0948	0.0947	1.1236	1.4984	1.5487	1.6075	1.6795	1.4678	1.5875	1.4512			
		0.045	0.0854	0.1088	1.2502	1.5353	1.6838	1.7372	1.6361	1.7164	1.6557	1.4252			
															
		
~End
Instrument type: Instrument serial number:
