##BLOCKS= 12         
Note:~End
Plate:	HCC1143 BYL719/nothing	1.3	PlateFormat	Endpoint	Absorbance	Raw	FALSE	1						1	570	1	11	96	2	3	None	
	Temperature(¡C)	1	2	3	4	5	6	7	8	9	10	11	12		
	26.20														
		0.0449	0.1982	0.6885	1.1076	1.198	1.1973	1.2744	1.3878	1.363	1.4571	1.3116			
		0.0464	0.2369	0.7363	1.1101	1.2318	1.2555	1.3324	1.4877	1.4455	1.4608	1.3446			
		0.0466	0.2375	0.7745	1.0426	1.1776	1.3229	1.3382	1.3807	1.3951	1.3484	1.2465			
		0.0449	0.1982	0.6885	1.1076	1.198	1.1973	1.2744	1.3878	1.363	1.4571	1.3116			
		0.0464	0.2369	0.7363	1.1101	1.2318	1.2555	1.3324	1.4877	1.4455	1.4608	1.3446			
		0.0466	0.2375	0.7745	1.0426	1.1776	1.3229	1.3382	1.3807	1.3951	1.3484	1.2465			

															
		
~End
Plate:	MCF7 BYL719/nothing	1.3	PlateFormat	Endpoint	Absorbance	Raw	FALSE	1						1	570	1	11	96	2	3	None	
	Temperature(¡C)	1	2	3	4	5	6	7	8	9	10	11	12		
	26.30														
		0.043	0.1258	0.1334	0.1497	0.2198	0.3684	0.6874	0.9894	1.3886	1.5491	1.3872			
		0.0432	0.1199	0.1347	0.1636	0.2207	0.3777	0.6091	1.1209	1.4909	1.5928	1.4718			
		0.0465	0.1267	0.1347	0.1472	0.2113	0.3712	0.5868	0.9531	1.2454	1.4751	1.4432			
		0.0449	0.1982	0.6885	1.1076	1.198	1.1973	1.2744	1.3878	1.363	1.4571	1.3116			
		0.0464	0.2369	0.7363	1.1101	1.2318	1.2555	1.3324	1.4877	1.4455	1.4608	1.3446			
		0.0466	0.2375	0.7745	1.0426	1.1776	1.3229	1.3382	1.3807	1.3951	1.3484	1.2465			

															
		
~End
Plate:	BT549 BYL719/nothing	1.3	PlateFormat	Endpoint	Absorbance	Raw	FALSE	1						1	570	1	11	96	2	3	None	
	Temperature(¡C)	1	2	3	4	5	6	7	8	9	10	11	12		
	26.30														
		0.0469	0.2175	0.6407	1.036	1.3547	1.4603	1.5034	1.5207	1.4781	1.4993	1.4266			
		0.0463	0.2212	0.588	1.0432	1.3624	1.4473	1.5306	1.498	1.4974	1.5186	1.4684			
		0.044	0.2372	0.6353	0.9369	1.3212	1.3808	1.5113	1.6187	1.4101	1.5304	1.2718			
		0.0449	0.1982	0.6885	1.1076	1.198	1.1973	1.2744	1.3878	1.363	1.4571	1.3116			
		0.0464	0.2369	0.7363	1.1101	1.2318	1.2555	1.3324	1.4877	1.4455	1.4608	1.3446			
		0.0466	0.2375	0.7745	1.0426	1.1776	1.3229	1.3382	1.3807	1.3951	1.3484	1.2465			

															
		
~End
Plate:	SUM149 BYL719/nothing	1.3	PlateFormat	Endpoint	Absorbance	Raw	FALSE	1						1	570	1	11	96	2	3	None	
	Temperature(¡C)	1	2	3	4	5	6	7	8	9	10	11	12		
	26.30														
		0.0428	0.0938	0.5205	0.593	0.6471	1.034	1	1.1531	0.524	0.6619	1.1593			
		0.044	0.114	0.4742	1.0406	0.9249	0.6792	1.3147	1.3109	1.095	1.3904	1.2962			
		0.0442	0.0968	0.6633	0.5122	0.7616	0.6581	0.6289	1.3906	1.3554	1.2711	0.8376			
		0.0449	0.1982	0.6885	1.1076	1.198	1.1973	1.2744	1.3878	1.363	1.4571	1.3116			
		0.0464	0.2369	0.7363	1.1101	1.2318	1.2555	1.3324	1.4877	1.4455	1.4608	1.3446			
		0.0466	0.2375	0.7745	1.0426	1.1776	1.3229	1.3382	1.3807	1.3951	1.3484	1.2465			

															
		
~End
Plate:	HCC1806 BYL719/nothing	1.3	PlateFormat	Endpoint	Absorbance	Raw	FALSE	1						1	570	1	11	96	2	3	None	
	Temperature(¡C)	1	2	3	4	5	6	7	8	9	10	11	12		
	26.30														
		0.0465	0.1342	0.2407	0.3846	0.4507	0.3893	0.4729	0.4049	0.4169	0.4265	0.4154			
		0.043	0.1415	0.2826	0.4173	0.4487	0.4114	0.3967	0.4435	0.4359	0.4357	0.3949			
		0.0459	0.139	0.2672	0.3448	0.4224	0.4303	0.394	0.3587	0.398	0.3979	0.4184			
		0.0449	0.1982	0.6885	1.1076	1.198	1.1973	1.2744	1.3878	1.363	1.4571	1.3116			
		0.0464	0.2369	0.7363	1.1101	1.2318	1.2555	1.3324	1.4877	1.4455	1.4608	1.3446			
		0.0466	0.2375	0.7745	1.0426	1.1776	1.3229	1.3382	1.3807	1.3951	1.3484	1.2465			

															
		
~End
Plate:	SKBR7 BYL719/nothing	1.3	PlateFormat	Endpoint	Absorbance	Raw	FALSE	1						1	570	1	11	96	2	3	None	
	Temperature(¡C)	1	2	3	4	5	6	7	8	9	10	11	12		
	26.30														
		0.0471	0.2349	0.5482	0.8551	1.1813	1.3406	1.4022	1.5888	1.6388	1.6436	1.5332			
		0.0445	0.2381	0.5927	0.976	1.3124	1.4838	1.6124	1.7257	1.6815	1.7738	1.6404			
		0.0472	0.243	0.5767	0.9741	1.3544	1.4912	1.6382	1.8263	1.7676	1.7427	1.6354			
		0.0449	0.1982	0.6885	1.1076	1.198	1.1973	1.2744	1.3878	1.363	1.4571	1.3116			
		0.0464	0.2369	0.7363	1.1101	1.2318	1.2555	1.3324	1.4877	1.4455	1.4608	1.3446			
		0.0466	0.2375	0.7745	1.0426	1.1776	1.3229	1.3382	1.3807	1.3951	1.3484	1.2465			

															
		
~End
Plate:	HCC70 BYL719/nothing	1.3	PlateFormat	Endpoint	Absorbance	Raw	FALSE	1						1	570	1	11	96	2	3	None	
	Temperature(¡C)	1	2	3	4	5	6	7	8	9	10	11	12		
	26.30														
		0.0467	0.1316	0.5226	1.2505	1.8256	1.9	1.8113	1.8175	1.7827	1.7446	1.6899			
		0.0486	0.126	0.4392	1.3222	1.8312	1.9674	1.897	1.85	1.8701	1.8253	1.7909			
		0.0452	0.1345	0.3967	1.3186	1.7759	2.0325	1.8732	1.9068	1.7253	1.7569	1.8031			
		0.0449	0.1982	0.6885	1.1076	1.198	1.1973	1.2744	1.3878	1.363	1.4571	1.3116			
		0.0464	0.2369	0.7363	1.1101	1.2318	1.2555	1.3324	1.4877	1.4455	1.4608	1.3446			
		0.0466	0.2375	0.7745	1.0426	1.1776	1.3229	1.3382	1.3807	1.3951	1.3484	1.2465			

															
		
~End
Plate:	HCC1937 BYL719/nothing	1.3	PlateFormat	Endpoint	Absorbance	Raw	FALSE	1						1	570	1	11	96	2	3	None	
	Temperature(¡C)	1	2	3	4	5	6	7	8	9	10	11	12		
	26.30														
		0.0465	0.1906	0.4499	0.6638	0.8433	0.9	0.9087	0.949	0.9642	0.951	0.9391			
		0.0467	0.2189	0.496	0.7128	0.858	0.9981	0.9118	0.9962	0.9844	0.9556	0.9649			
		0.0462	0.2196	0.4703	0.7598	0.8789	0.9487	1.0036	1.0452	0.9895	0.979	0.9404			
		0.0449	0.1982	0.6885	1.1076	1.198	1.1973	1.2744	1.3878	1.363	1.4571	1.3116			
		0.0464	0.2369	0.7363	1.1101	1.2318	1.2555	1.3324	1.4877	1.4455	1.4608	1.3446			
		0.0466	0.2375	0.7745	1.0426	1.1776	1.3229	1.3382	1.3807	1.3951	1.3484	1.2465			

															
		
~End
Plate:	SUM159 BYL719/nothing	1.3	PlateFormat	Endpoint	Absorbance	Raw	FALSE	1						1	570	1	11	96	2	3	None	
	Temperature(¡C)	1	2	3	4	5	6	7	8	9	10	11	12		
	26.30														
		0.0455	0.1457	0.353	1.397	1.89	2.1371	2.2098	2.216	2.2031	2.2144	2.1571			
		0.0445	0.181	0.3819	1.5489	2.0211	2.153	2.2788	2.2546	2.265	2.2466	2.2038			
		0.0454	0.1639	0.3682	1.4987	2.0362	2.1333	2.3089	2.2863	2.2186	2.2588	2.198			
		0.0449	0.1982	0.6885	1.1076	1.198	1.1973	1.2744	1.3878	1.363	1.4571	1.3116			
		0.0464	0.2369	0.7363	1.1101	1.2318	1.2555	1.3324	1.4877	1.4455	1.4608	1.3446			
		0.0466	0.2375	0.7745	1.0426	1.1776	1.3229	1.3382	1.3807	1.3951	1.3484	1.2465			

															
		
~End
Plate:	HCC1954 BYL719/nothing	1.3	PlateFormat	Endpoint	Absorbance	Raw	FALSE	1						1	570	1	11	96	2	3	None	
	Temperature(¡C)	1	2	3	4	5	6	7	8	9	10	11	12		
	26.30														
		0.0471	0.1071	0.1094	0.1463	0.3561	0.5769	0.7672	0.9033	0.8197	0.88	0.9666			
		0.0461	0.118	0.1192	0.1823	0.4566	0.8078	0.8285	0.9151	0.858	0.9627	0.9394			
		0.0483	0.1125	0.1177	0.1761	0.4298	0.6804	0.8819	0.7735	0.8991	0.8742	0.9876			
		0.0449	0.1982	0.6885	1.1076	1.198	1.1973	1.2744	1.3878	1.363	1.4571	1.3116			
		0.0464	0.2369	0.7363	1.1101	1.2318	1.2555	1.3324	1.4877	1.4455	1.4608	1.3446			
		0.0466	0.2375	0.7745	1.0426	1.1776	1.3229	1.3382	1.3807	1.3951	1.3484	1.2465			

															
		
~End
Plate:	MACLS2 BYL719/nothing	1.3	PlateFormat	Endpoint	Absorbance	Raw	FALSE	1						1	570	1	11	96	2	3	None	
	Temperature(¡C)	1	2	3	4	5	6	7	8	9	10	11	12		
	26.30														
		0.0435	0.1906	0.4825	0.9388	1.1635	1.2964	1.3331	1.2788	1.3567	1.4306	1.3798			
		0.046	0.2001	0.5088	0.9598	1.1543	1.3145	1.329	1.4665	1.4846	1.4788	1.4761			
		0.046	0.1977	0.4765	0.8845	1.101	1.3057	1.3772	1.4217	1.5063	1.4114	1.364			
		0.0449	0.1982	0.6885	1.1076	1.198	1.1973	1.2744	1.3878	1.363	1.4571	1.3116			
		0.0464	0.2369	0.7363	1.1101	1.2318	1.2555	1.3324	1.4877	1.4455	1.4608	1.3446			
		0.0466	0.2375	0.7745	1.0426	1.1776	1.3229	1.3382	1.3807	1.3951	1.3484	1.2465			

															
		
~End
Instrument type: Instrument serial number:
