##BLOCKS= 5          
Note:~End
Plate:	HBL100 BYL719/nothing	1.3	PlateFormat	Endpoint	Absorbance	Raw	FALSE	1						1	570	1	11	96	2	6	None	
	Temperature(¡C)	1	2	3	4	5	6	7	8	9	10	11	12		
	26.40														
		0.0472	0.6309	0.6578	0.7725	0.9597	0.8784	0.9073	0.9808	1.1638	0.956	1.1752			
		0.0457	0.6535	0.7848	0.7951	0.8593	0.9947	1.0465	1.1541	1.0086	1.1956	1.1122			
		0.0456	0.6403	0.6799	1.085	1.0542	1.1472	1.0753	1.3798	1.1413	0.9497	0.8779			
		0.046	0.085	0.0827	0.1926	0.2261	0.2731	0.5281	0.8034	0.8548	0.7414	1.0018			
		0.0458	0.0896	0.0863	0.0854	0.0932	0.1298	0.6871	1.1857	1.0746	1.1292	1.0393			
		0.0453	0.088	0.0869	0.0873	0.0871	0.1365	0.66	0.9686	1.136	0.8201	1.1026			
															
		
~End
Plate:	MA CLS 2 BYL719/nothing	1.3	PlateFormat	Endpoint	Absorbance	Raw	FALSE	1						1	570	1	11	96	2	6	None	
	Temperature(¡C)	1	2	3	4	5	6	7	8	9	10	11	12		
	26.50														
		0.0448	0.3245	0.4838	0.6723	0.8475	0.9687	0.8791	0.813	0.6762	0.6909	0.6895			
		0.0452	0.3212	0.3931	0.7086	0.883	0.9873	0.8433	0.8538	0.8334	0.9318	0.7456			
		0.0457	0.3322	0.4704	0.6753	0.8981	0.9076	0.9708	0.9313	0.9586	0.9599	0.9262			
		0.0462	0.0963	0.0918	0.1087	0.1347	0.2564	0.7057	1.0893	1.224	0.92	1.0413			
		0.0483	0.101	0.0994	0.1078	0.1606	0.2256	0.8459	1.089	0.948	1.0148	1.1082			
		0.0458	0.1071	0.0943	0.1044	0.1391	0.253	0.8479	1.2015	1.0007	0.8133	1.2053			
															
		
~End
Plate:	DU145 BYL719/nothing	1.3	PlateFormat	Endpoint	Absorbance	Raw	FALSE	1						1	570	1	11	96	2	6	None	
	Temperature(¡C)	1	2	3	4	5	6	7	8	9	10	11	12		
	26.50														
		0.0476	0.5395	0.8977	1.2921	1.4854	1.611	1.5359	1.576	1.6155	1.8246	1.6623			
		0.0472	0.4825	0.8596	1.2085	1.413	1.4969	1.5672	1.7363	1.6734	1.7141	1.6002			
		0.0479	0.4738	0.844	1.2759	1.3278	1.396	1.5087	1.6309	1.7212	1.668	1.6561			
		0.0459	0.0787	0.0844	0.0903	0.1503	0.2794	0.6107	1.0407	1.5182	1.454	1.4406			
		0.0459	0.082	0.0841	0.0889	0.1538	0.3315	0.5481	1.2445	1.4341	1.6509	1.6617			
		0.0452	0.0874	0.087	0.0858	0.1349	0.2891	0.5606	1.4436	1.3794	1.5534	1.5977			
															
		
~End
Plate:	T47D BYL719/nothing	1.3	PlateFormat	Endpoint	Absorbance	Raw	FALSE	1						1	570	1	11	96	2	6	None	
	Temperature(¡C)	1	2	3	4	5	6	7	8	9	10	11	12		
	26.50														
		0.044	0.2059	0.2552	0.3544	0.6006	1.1035	1.6259	1.8492	1.8314	1.9053	1.9181			
		0.0447	0.2087	0.2659	0.3887	0.6245	1.0582	1.6069	1.8107	1.8293	1.9564	1.9245			
		0.0437	0.187	0.2735	0.4171	0.6159	1.0556	1.4561	1.496	1.761	1.9787	1.9006			
		0.0436	0.1531	0.0993	0.1919	0.3301	0.6438	1.1227	1.562	1.6246	1.8492	1.8508			
		0.0452	0.1523	0.1042	0.1863	0.3702	0.7008	1.1959	1.6022	1.7222	1.9214	1.8996			
		0.0454	0.15	0.1118	0.1853	0.3795	0.6929	1.2315	1.6417	1.7003	1.911	1.8985			
															
		
~End
Instrument type: Instrument serial number:
