##BLOCKS= 25         
Note:

~End
Plate:	MDA468 BYL719/nothing	1.3	PlateFormat	Endpoint	Absorbance	Raw	FALSE	1						1	570	2	10	96	2	6	None	
	Temperature(¡C)	1	2	3	4	5	6	7	8	9	10	11	12		
	27.30														
		0.045	0.3658	1.0329	1.9313	2.2625	2.3061	2.3662	2.3466	2.3631	2.3795	2.3424			
		0.045	0.4009	1.0743	2.083	2.3483	2.4069	2.4059	2.3888	2.4085	2.3794	2.3675			
		0.045	0.3874	1.1489	2.1344	2.357	2.365	2.4139	2.3709	2.3791	2.3872	2.3676			
		0.045	0.207	0.2204	0.2338	0.2472	0.3126	0.4075	0.6497	1.0658	2.3134	2.3097			
		0.045	0.2018	0.1962	0.2057	0.1906	0.2013	0.3354	0.6479	0.9503	2.3269	2.3392			
		0.045	0.2098	0.2072	0.2088	0.2517	0.2209	0.3806	0.6376	1.1137	2.268	2.3196			
															
		
~End
Plate:	CAMA1 BYL719/nothing	1.3	PlateFormat	Endpoint	Absorbance	Raw	FALSE	1						1	570	2	10	96	2	6	None	
	Temperature(¡C)	1	2	3	4	5	6	7	8	9	10	11	12		
	27.30														
		0.045	0.7923	1.2776	1.8235	2.0721	2.037	2.0925	2.1015	2.123	2.0987	2.049			
		0.045	0.7156	1.5087	2.1631	2.2498	2.2211	2.1703	2.279	2.3163	2.2832	2.196			
		0.045	0.7067	1.6478	2.1658	2.2545	2.233	2.2756	2.223	2.2495	2.2423	2.3416			
		0.045	0.2648	0.2566	0.2558	0.2846	0.4318	0.7685	1.1441	1.0602	1.7646	2.0351			
		0.045	0.2527	0.227	0.2464	0.2708	0.389	0.8219	1.1312	1.0597	1.856	2.0961			
		0.045	0.249	0.3016	0.266	0.2814	0.4325	0.6401	0.9569	0.9838	1.6696	1.9907			
															
		
~End
Plate:	HS578T BYL719/nothing	1.3	PlateFormat	Endpoint	Absorbance	Raw	FALSE	1						1	570	2	10	96	2	6	None	
	Temperature(¡C)	1	2	3	4	5	6	7	8	9	10	11	12		
	27.30														
		0.045	0.2765	0.4018	0.6909	0.984	1.1729	1.2659	1.2022	1.3212	1.3147	1.1707			
		0.045	0.2421	0.353	0.785	1.2099	1.2934	1.4154	1.5217	1.4701	1.5449	1.1169			
		0.045	0.2608	0.3747	0.6773	1.1141	1.3892	1.3634	1.4183	1.4751	1.282	1.1145			
		0.045	0.241	0.1712	0.1438	0.1537	0.228	0.3428	0.3831	0.3555	1.1775	1.0024			
		0.045	0.2127	0.1705	0.1515	0.1804	0.1868	0.3246	0.3683	0.3493	0.9497	0.9871			
		0.045	0.1862	0.1671	0.1632	0.1807	0.2074	0.3759	0.3971	0.4185	0.9427	0.9978			
															
		
~End
Plate:	MPE600 BYL719/nothing	1.3	PlateFormat	Endpoint	Absorbance	Raw	FALSE	1						1	570	2	10	96	2	6	None	
	Temperature(¡C)	1	2	3	4	5	6	7	8	9	10	11	12		
	27.30														
		0.045	0.2113	0.4367	2.1364	2.4016	2.4127	2.4546	2.414	2.4159	2.4032	2.3883			
		0.045	0.2195	0.3631	2.1474	2.4153	2.4448	2.4478	2.4295	2.4388	2.4311	2.4629			
		0.045	0.2337	0.6767	2.1987	2.3413	2.4118	2.4273	2.4076	2.4092	2.4338	2.4343			
		0.045	0.1722	0.1312	0.1602	0.1773	0.1473	0.2218	0.2583	0.4746	2.2545	2.404			
		0.045	0.1772	0.1489	0.1442	0.1665	0.1516	0.1953	0.2459	0.3346	2.2696	2.4176			
		0.045	0.168	0.1555	0.1746	0.1652	0.1691	0.1904	0.2758	0.4101	2.1685	2.4162			
															
		
~End
Plate:	HCC38 BYL719/nothing	1.3	PlateFormat	Endpoint	Absorbance	Raw	FALSE	1						1	570	2	10	96	2	6	None	
	Temperature(¡C)	1	2	3	4	5	6	7	8	9	10	11	12		
	27.30														
		0.045	0.2666	0.3835	0.5913	0.7443	0.8945	0.8998	0.8713	0.9382	0.998	0.9558			
		0.045	0.2796	0.3467	0.836	0.9327	1.3094	1.19	1.2712	1.2079	1.196	1.0039			
		0.045	0.2726	0.4281	0.8818	1.0466	1.1977	1.3106	1.3347	1.2053	1.2352	0.9597			
		0.045	0.1601	0.1392	0.133	0.132	0.122	0.1434	0.1753	0.3595	0.9024	0.9715			
		0.045	0.1462	0.1212	0.1235	0.1222	0.137	0.1349	0.19	0.369	1.03	0.9878			
		0.045	0.1475	0.1264	0.1236	0.1279	0.1442	0.1591	0.2214	0.4111	0.8244	0.9243			
															
		
~End
Plate:	CAL148 BYL719/nothing	1.3	PlateFormat	Endpoint	Absorbance	Raw	FALSE	1						1	570	2	10	96	2	6	None	
	Temperature(¡C)	1	2	3	4	5	6	7	8	9	10	11	12		
	27.30														
		0.045	0.1978	0.2339	0.2689	0.2953	0.5485	0.945	1.1944	1.2251	1.2149	1.1846			
		0.045	0.1945	0.1752	0.2041	0.3847	0.781	1.0515	1.2609	1.475	1.2103	1.1162			
		0.045	0.2075	0.1735	0.2177	0.4216	0.7505	1.2104	1.3225	1.429	1.3438	1.4022			
		0.045	0.215	0.1657	0.2501	0.2584	0.1625	0.2007	0.1912	0.2206	0.4624	1.0746			
		0.045	0.185	0.1723	0.2203	0.2161	0.1678	0.2015	0.2031	0.2346	0.546	1.5114			
		0.045	0.1716	0.1429	0.1905	0.2174	0.1855	0.1974	0.2204	0.3379	0.4001	1.3028			
															
		
~End
Plate:	CAL51 BYL719/nothing	1.3	PlateFormat	Endpoint	Absorbance	Raw	FALSE	1						1	570	2	10	96	2	6	None	
	Temperature(¡C)	1	2	3	4	5	6	7	8	9	10	11	12		
	27.30														
		0.045	0.1987	0.206	0.3019	0.6304	1.5352	2.0414	2.3277	2.3523	2.3875	2.2562			
		0.045	0.1796	0.1723	0.2956	0.8873	1.8018	2.2017	2.3574	2.3805	2.3719	2.2912			
		0.045	0.2012	0.1924	0.356	0.9737	1.754	2.1583	2.3805	2.3793	2.3914	2.3209			
		0.045	0.1733	0.1409	0.1266	0.1632	0.2036	0.2531	0.3852	1.1288	2.2116	2.2804			
		0.045	0.1782	0.1688	0.1489	0.1573	0.167	0.2068	0.4052	1.1214	2.2377	2.3135			
		0.045	0.1741	0.1654	0.1612	0.2838	0.1695	0.1972	0.3714	0.9558	2.2377	2.2523			
															
		
~End
Plate:	SW527 BYL719/nothing	1.3	PlateFormat	Endpoint	Absorbance	Raw	FALSE	1						1	570	2	10	96	2	6	None	
	Temperature(¡C)	1	2	3	4	5	6	7	8	9	10	11	12		
	27.30														
		0.045	0.2545	0.5845	2.2295	2.4587	2.4864	2.4619	2.4668	2.4496	2.4512	2.4387			
		0.045	0.263	0.8068	2.3685	2.4373	2.5033	2.4919	2.4681	2.4641	2.4753	2.4969			
		0.045	0.2809	0.7229	2.2473	2.4451	2.4886	2.45	2.4766	2.4724	2.465	2.4245			
		0.045	0.1818	0.148	0.1409	0.1598	0.1678	0.2	0.3088	0.4067	2.1731	2.4322			
		0.045	0.1739	0.1476	0.1402	0.1564	0.135	0.1603	0.247	0.3928	2.0144	2.4837			
		0.045	0.1956	0.1565	0.1555	0.16	0.1436	0.1479	0.2736	0.4608	2.0357	2.4487			
															
		
~End
Plate:	LY2 BYL719/nothing	1.3	PlateFormat	Endpoint	Absorbance	Raw	FALSE	1						1	570	2	10	96	2	6	None	
	Temperature(¡C)	1	2	3	4	5	6	7	8	9	10	11	12		
	27.30														
		0.045	0.2557	0.308	0.558	0.6563	1.1483	1.7227	2.1852	2.3137	2.2793	2.1505			
		0.045	0.246	0.2658	0.5469	1.0528	1.3045	1.8359	2.1284	2.2663	2.2808	2.1494			
		0.045	0.2261	0.278	0.6521	1.0372	1.4706	1.8384	2.0995	2.2515	2.2606	2.1681			
		0.045	0.1593	0.2223	0.2351	0.2462	0.3352	0.8618	1.2972	1.8574	2.2237	2.1066			
		0.045	0.1767	0.2507	0.2709	0.2515	0.2632	0.845	1.3524	1.745	2.2145	2.0266			
		0.045	0.1742	0.2751	0.2914	0.2781	0.2405	0.656	1.3127	1.7581	2.1454	1.9539			
															
		
~End
Plate:	SKBR5 BYL719/nothing	1.3	PlateFormat	Endpoint	Absorbance	Raw	FALSE	1						1	570	2	10	96	2	6	None	
	Temperature(¡C)	1	2	3	4	5	6	7	8	9	10	11	12		
	27.30														
		0.045	0.1577	0.1936	0.3326	0.5241	0.9387	1.9625	2.1901	2.2609	2.2237	2.2216			
		0.045	0.1579	0.1958	0.3247	0.6923	1.1714	1.9903	2.2738	2.3253	2.3112	2.299			
		0.045	0.1841	0.2008	0.3697	0.6853	1.2814	1.9973	2.249	2.3329	2.3209	2.32			
		0.045	0.1665	0.1836	0.2252	0.2439	0.6261	0.9856	1.0011	1.8032	2.1845	2.2208			
		0.045	0.1659	0.1793	0.216	0.234	0.5776	0.9968	1.016	1.8625	2.1689	2.1935			
		0.045	0.1431	0.2018	0.2486	0.2831	0.5037	0.8681	0.9745	1.8569	2.192	2.1863			
															
		
~End
Plate:	T47D BYL719/nothing	1.3	PlateFormat	Endpoint	Absorbance	Raw	FALSE	1						1	570	2	10	96	2	6	None	
	Temperature(¡C)	1	2	3	4	5	6	7	8	9	10	11	12		
	27.30														
		0.045	0.2564	0.3803	0.458	0.5424	0.7995	1.4792	2.0074	2.1262	2.1364	2.0226			
		0.045	0.2608	0.4007	0.519	0.7078	1.0664	1.571	2.0224	2.1304	2.2058	2.1623			
		0.045	0.2852	0.4011	0.5743	0.8389	1.0367	1.5426	2.0762	2.1508	2.0753	2.1024			
		0.045	0.2072	0.229	0.3085	0.2777	0.2951	0.5018	1.0721	1.3339	1.8345	2.1578			
		0.045	0.2162	0.2537	0.3065	0.3193	0.3027	0.5112	0.9646	1.2082	1.7735	2.1224			
		0.045	0.2346	0.2636	0.3432	0.2936	0.2675	0.4342	0.8913	1.1046	1.6718	2.0045			
															
		
~End
Plate:	BT20 BYL719/nothing	1.3	PlateFormat	Endpoint	Absorbance	Raw	FALSE	1						1	570	2	10	96	2	6	None	
	Temperature(¡C)	1	2	3	4	5	6	7	8	9	10	11	12		
	27.30														
		0.045	0.197	0.2045	0.2704	0.4385	0.6281	0.7864	0.9065	0.8436	0.7736	0.8961			
		0.045	0.1976	0.2298	0.3117	0.5988	0.824	0.9927	1.0047	0.9026	1.0208	0.7787			
		0.045	0.1835	0.2287	0.2826	0.5805	0.8765	0.9468	0.9614	1.1356	0.9301	0.9677			
		0.045	0.1825	0.1594	0.1665	0.1454	0.2017	0.3356	0.3448	0.7922	0.9673	0.804			
		0.045	0.2007	0.1715	0.1612	0.1673	0.1781	0.3229	0.3271	0.6788	0.9047	0.8591			
		0.045	0.1675	0.1519	0.1555	0.156	0.1711	0.2798	0.2813	0.6853	0.7657	0.884			
															
		
~End
Plate:	OCUB1 BYL719/nothing	1.3	PlateFormat	Endpoint	Absorbance	Raw	FALSE	1						1	570	2	10	96	2	6	None	
	Temperature(¡C)	1	2	3	4	5	6	7	8	9	10	11	12		
	27.30														
		0.045	0.1447	0.1594	0.1944	0.4458	0.9131	1.3539	1.4286	1.4368	1.5506	1.5517			
		0.045	0.1433	0.1557	0.1811	0.4463	0.8635	1.2868	1.4256	1.5797	1.6277	1.5572			
		0.045	0.1677	0.1381	0.25	0.4516	1.0531	1.3335	1.5259	1.7013	1.5008	1.5352			
		0.045	0.1665	0.142	0.1419	0.3145	0.1903	0.2323	0.1662	0.1734	0.6649	1.3583			
		0.045	0.1558	0.1372	0.1388	0.2437	0.1616	0.1562	0.2075	0.19	0.6002	1.3851			
		0.045	0.1489	0.129	0.1495	0.1548	0.1487	0.1514	0.1891	0.173	0.7003	1.4442			
															
		
~End
Plate:	BT474 BYL719/nothing	1.3	PlateFormat	Endpoint	Absorbance	Raw	FALSE	1						1	570	2	10	96	2	6	None	
	Temperature(¡C)	1	2	3	4	5	6	7	8	9	10	11	12		
	27.40														
		0.045	0.2135	0.2592	0.4329	0.5865	0.8514	1.3761	1.7307	1.8508	1.9275	1.891			
		0.045	0.1871	0.2102	0.3814	0.6019	0.8675	1.3797	1.7377	1.9222	2.0164	1.8495			
		0.045	0.1851	0.2053	0.4375	0.7307	1.0263	1.4205	1.7892	1.926	2.0317	1.9276			
		0.045	0.1715	0.2104	0.1749	0.1813	0.2452	0.6877	1.6659	1.7718	1.9399	1.7504			
		0.045	0.1495	0.221	0.187	0.2003	0.2278	0.5551	1.6116	1.6805	1.9359	1.7935			
		0.045	0.152	0.2403	0.1929	0.2137	0.272	0.5897	1.5349	1.5648	1.9113	1.9356			
															
		
~End
Plate:	AU655 BYL719/nothing	1.3	PlateFormat	Endpoint	Absorbance	Raw	FALSE	1						1	570	2	10	96	2	6	None	
	Temperature(¡C)	1	2	3	4	5	6	7	8	9	10	11	12		
	27.30														
		0.045	0.1797	0.2337	0.3491	0.6825	0.8333	1.124	1.3829	1.4344	1.6398	1.4622			
		0.045	0.1756	0.2038	0.3032	0.6826	1.0168	1.2863	1.6027	1.569	1.6885	1.5031			
		0.045	0.2037	0.1793	0.4024	0.7347	1.1335	1.31	1.662	1.6498	1.7245	1.5212			
		0.045	0.1698	0.1304	0.1668	0.1709	0.2254	0.3265	0.6168	1.1752	1.714	1.47			
		0.045	0.1833	0.1675	0.1605	0.1676	0.1721	0.3051	0.5704	1.1687	1.5855	1.5168			
		0.045	0.1851	0.1788	0.1571	0.1795	0.1999	0.3382	0.5549	0.8509	1.5788	1.4331			
															
		
~End
Plate:	JIMT1 BYL719/nothing	1.3	PlateFormat	Endpoint	Absorbance	Raw	FALSE	1						1	570	2	10	96	2	6	None	
	Temperature(¡C)	1	2	3	4	5	6	7	8	9	10	11	12		
	27.30														
		0.045	0.1712	0.2351	0.3989	0.642	0.9864	1.3475	1.4851	1.6868	1.6686	1.604			
		0.045	0.1639	0.2226	0.3186	0.637	1.1391	1.3937	1.5242	1.747	1.6408	1.4687			
		0.045	0.202	0.2097	0.4066	0.7231	1.1805	1.5536	1.642	1.6419	1.6431	1.4371			
		0.045	0.14	0.1306	0.1299	0.1414	0.2045	0.5184	0.2854	1.1446	1.6344	1.5425			
		0.045	0.1433	0.1201	0.1189	0.1393	0.2148	0.4396	0.313	1.1848	1.6816	1.4725			
		0.045	0.1562	0.1424	0.1313	0.1498	0.2353	0.4924	0.3305	1.1882	1.5123	1.4748			
															
		
~End
Plate:	EVSAT BYL719/nothing	1.3	PlateFormat	Endpoint	Absorbance	Raw	FALSE	1						1	570	2	10	96	2	6	None	
	Temperature(¡C)	1	2	3	4	5	6	7	8	9	10	11	12		
	27.40														
		0.045	0.2511	0.2559	1.1915	2.2768	2.3868	2.4329	2.3983	2.393	2.411	2.3391			
		0.045	0.2211	0.3052	1.6965	2.4229	2.3945	2.4459	2.3977	2.4267	2.435	2.4184			
		0.045	0.2399	0.3167	1.844	2.3643	2.3803	2.3937	2.4108	2.3968	2.4417	2.3628			
		0.045	0.2024	0.1695	0.1717	0.189	0.1714	0.2306	0.2769	0.3674	2.2666	2.3581			
		0.045	0.1907	0.171	0.1556	0.171	0.186	0.2198	0.3105	0.335	2.2195	2.3774			
		0.045	0.1932	0.1695	0.1777	0.1892	0.2059	0.2214	0.2633	0.4209	2.2368	2.3252			
															
		
~End
Plate:	CAL120 BYL719/nothing	1.3	PlateFormat	Endpoint	Absorbance	Raw	FALSE	1						1	570	2	10	96	2	6	None	
	Temperature(¡C)	1	2	3	4	5	6	7	8	9	10	11	12		
	27.40														
		0.045	0.2842	0.5043	0.8777	1.2621	1.3575	1.6975	1.4992	1.5367	1.5118	1.4764			
		0.045	0.3034	0.4607	1.116	1.5539	1.5829	1.7557	1.7162	1.8149	1.7749	1.5071			
		0.045	0.3013	0.5362	1.073	1.4319	1.6396	1.8487	1.7942	1.8059	1.8491	1.594			
		0.045	0.1818	0.1604	0.16	0.1589	0.2108	0.5483	0.6388	1.1848	1.6189	1.471			
		0.045	0.1882	0.1514	0.1467	0.1402	0.1999	0.3652	0.719	1.1651	1.5723	1.3817			
		0.045	0.1774	0.1535	0.1527	0.157	0.2272	0.4135	0.5742	0.9101	1.4384	1.3956			
															
		
~End
Plate:	HCT116 BYL719/nothing	1.3	PlateFormat	Endpoint	Absorbance	Raw	FALSE	1						1	570	2	10	96	2	6	None	
	Temperature(¡C)	1	2	3	4	5	6	7	8	9	10	11	12		
	27.40														
		0.045	0.5048	0.964	2.041	2.3427	2.4471	2.4593	2.4778	2.475	2.4789	2.4451			
		0.045	0.5341	1.2764	2.1822	2.378	2.4707	2.505	2.4889	2.4946	2.4901	2.4971			
		0.045	0.4871	1.1598	2.1197	2.3785	2.4666	2.4558	2.4799	2.4864	2.4877	2.4369			
		0.045	0.1626	0.1348	0.1467	0.1602	0.2346	0.788	1.2924	2.3952	2.4756	2.4366			
		0.045	0.1619	0.1283	0.1421	0.1471	0.1958	0.8848	1.3402	2.4087	2.4422	2.4758			
		0.045	0.157	0.1445	0.149	0.137	0.1767	0.6968	1.1294	2.3615	2.4333	2.4251			
															
		
~End
Plate:	MFM223 BYL719/nothing	1.3	PlateFormat	Endpoint	Absorbance	Raw	FALSE	1						1	570	2	10	96	2	6	None	
	Temperature(¡C)	1	2	3	4	5	6	7	8	9	10	11	12		
	27.40														
		0.045	0.1184	0.1177	0.2599	0.6399	0.904	1.0902	1.1171	1.1056	1.1596	1.2568			
		0.045	0.1087	0.1028	0.2416	0.793	1.2093	1.2772	1.3834	1.4265	1.4119	1.1517			
		0.045	0.1071	0.1095	0.2283	0.8951	1.2081	1.3862	1.4742	1.4598	1.3698	1.2656			
		0.045	0.1195	0.0934	0.0964	0.1209	0.1548	0.6305	0.7573	1.0182	1.375	1.3316			
		0.045	0.1163	0.0945	0.1025	0.1178	0.1487	0.6152	0.7356	1.0068	1.2891	1.1914			
		0.045	0.1142	0.103	0.1121	0.1284	0.173	0.6285	0.6165	0.8973	1.1418	1.2245			
															
		
~End
Plate:	DU145 BYL719/nothing	1.3	PlateFormat	Endpoint	Absorbance	Raw	FALSE	1						1	570	2	10	96	2	6	None	
	Temperature(¡C)	1	2	3	4	5	6	7	8	9	10	11	12		
	27.40														
		0.045	0.3879	0.6225	1.1996	1.5516	1.7976	1.7504	1.8252	1.8703	1.8349	1.7516			
		0.045	0.3633	0.7032	1.445	1.8282	1.742	1.8135	1.9145	1.9183	1.9924	1.7458			
		0.045	0.3789	0.7311	1.4754	1.8244	1.9727	1.852	2.0426	1.8885	2.0182	1.8648			
		0.045	0.1937	0.1662	0.1912	0.163	0.1623	0.2327	0.3843	1.2771	1.7773	1.8197			
		0.045	0.1853	0.1671	0.1615	0.1633	0.1565	0.2027	0.3609	1.1527	1.7981	1.9906			
		0.045	0.183	0.1753	0.171	0.1533	0.2069	0.2698	0.3536	1.1848	1.769	1.8194			
															
		
~End
Plate:	KPL1 BYL719/nothing	1.3	PlateFormat	Endpoint	Absorbance	Raw	FALSE	1						1	570	2	10	96	2	6	None	
	Temperature(¡C)	1	2	3	4	5	6	7	8	9	10	11	12		
	27.40														
		0.045	0.1661	0.2441	0.4525	0.8225	1.1025	1.7189	2.2163	2.2573	2.2188	2.0461			
		0.045	0.1867	0.2135	0.4665	0.9827	1.3487	1.8947	2.2139	2.3148	2.255	2.1533			
		0.045	0.1967	0.2122	0.4926	1.0537	1.4204	1.8869	2.1859	2.2745	2.2307	2.1725			
		0.045	0.1506	0.1517	0.1489	0.1774	0.1717	0.7465	1.4624	1.4818	2.2083	2.1942			
		0.045	0.1641	0.1384	0.1573	0.1589	0.1528	0.8553	1.4681	1.608	2.2099	2.1156			
		0.045	0.1435	0.1342	0.1661	0.1892	0.1791	0.6234	1.1495	1.5806	1.9184	2.1269			
															
		
~End
Plate:	MDA231 BYL719/nothing	1.3	PlateFormat	Endpoint	Absorbance	Raw	FALSE	1						1	570	2	10	96	2	6	None	
	Temperature(¡C)	1	2	3	4	5	6	7	8	9	10	11	12		
	27.40														
		0.045	0.3763	0.7715	1.2219	1.6272	1.714	1.661	1.735	1.6912	1.8053	1.6626			
		0.045	0.3427	0.7659	1.356	1.6082	1.7941	1.7407	1.8504	1.726	1.7795	1.7778			
		0.045	0.3749	0.8292	1.2958	1.4488	1.7223	1.6946	1.696	1.7906	1.7532	1.7723			
		0.045	0.1715	0.1198	0.1214	0.1228	0.1364	0.3253	0.4604	0.7752	1.5869	1.7651			
		0.045	0.147	0.1329	0.1242	0.1162	0.1405	0.376	0.4589	0.8336	1.5035	1.7217			
		0.045	0.1569	0.1159	0.1245	0.1265	0.1389	0.3507	0.3895	0.7424	1.5862	1.63			
															
		
~End
Plate:	MDA436 BYL719/nothing	1.3	PlateFormat	Endpoint	Absorbance	Raw	FALSE	1						1	570	2	10	96	2	6	None	
	Temperature(¡C)	1	2	3	4	5	6	7	8	9	10	11	12		
	27.40														
		0.045	0.3662	0.4855	0.697	0.8643	1.0093	0.9909	0.9485	0.9766	0.9472	0.8397			
		0.045	0.3146	0.5056	0.7179	1.0181	1.0278	1.072	0.9751	0.9323	1.005	0.8569			
		0.045	0.3363	0.4897	0.7087	0.9954	1.0258	1.0485	1.0388	1.0422	0.9371	0.8195			
		0.045	0.2981	0.3964	0.2829	0.2254	0.232	0.2896	0.3239	0.3871	0.6331	0.7843			
		0.045	0.3008	0.3345	0.2599	0.225	0.3004	0.3137	0.2984	0.3304	0.5294	0.8482			
		0.045	0.3126	0.2808	0.2372	0.2256	0.2251	0.2852	0.3126	0.3843	0.5764	0.8624			
															
		
~End
Instrument type: Instrument serial number:
