##BLOCKS= 6          
Note:~End
Plate:	SKBR3 nothing/herceptin	1.3	PlateFormat	Endpoint	Absorbance	Raw	FALSE	1						1	570	1	11	96	2	6	None	
	Temperature(¡C)	1	2	3	4	5	6	7	8	9	10	11	12		
	26.40														
		0.0441	0.301	0.2097	0.1146	0.1155	0.1745	0.4018	0.7208	0.8449	0.8244	0.8677			
		0.0462	0.3032	0.2161	0.1036	0.1244	0.1933	0.4215	0.7212	0.8443	0.8442	0.8463			
		0.0455	0.3202	0.2104	0.2626	0.276	0.3076	0.5034	0.8565	0.953	0.8787	0.8778			
		0.0448	0.4539	0.436	0.5827	0.5899	0.4916	0.5377	0.553	0.5588	0.4403	0.8012			
		0.045	0.4777	0.4735	0.4729	0.4595	0.4525	0.4674	0.4623	0.4785	0.4849	0.8209			
		0.0477	0.4698	0.4573	0.4666	0.4745	0.4757	0.4738	0.4819	0.4577	0.4915	0.8753			
															
		
~End
Plate:	HBL100 nothing/herceptin	1.3	PlateFormat	Endpoint	Absorbance	Raw	FALSE	1						1	570	1	11	96	2	6	None	
	Temperature(¡C)	1	2	3	4	5	6	7	8	9	10	11	12		
	26.40														
		0.0461	0.1422	0.1508	0.133	0.136	0.2222	0.8358	1.22	1.2695	1.339	1.1622			
		0.0455	0.1632	0.1483	0.158	0.1643	0.2496	0.7404	1.0832	1.1955	1.3475	1.3488			
		0.0452	0.1597	0.158	0.1844	0.179	0.2625	0.716	1.1842	1.2549	1.2574	1.3564			
		0.0446	1.3391	1.1889	1.3527	1.2638	1.3457	1.4239	1.3818	1.2414	1.3283	1.4506			
		0.0455	1.2103	1.2677	1.262	1.3854	1.3606	1.4045	1.3411	1.3753	1.3069	1.2598			
		0.0456	1.1729	1.2903	1.2205	1.3858	1.3641	1.3231	1.2816	1.3797	1.2236	1.2378			
															
		
~End
Plate:	MDA361 nothing/herceptin	1.3	PlateFormat	Endpoint	Absorbance	Raw	FALSE	1						1	570	1	11	96	2	6	None	
	Temperature(¡C)	1	2	3	4	5	6	7	8	9	10	11	12		
	26.40														
		0.044	0.247	0.1505	0.1711	0.1924	0.2949	0.6475	1.0949	1.2698	1.2656	1.3277			
		0.0449	0.2649	0.1849	0.1611	0.1972	0.28	0.5908	1.0998	1.3691	1.3992	1.4529			
		0.0433	0.3052	0.1816	0.1953	0.2015	0.337	0.6037	1.1341	1.3222	1.3616	1.4411			
		0.0441	1.2135	1.3512	1.3271	1.2928	1.4022	1.3554	1.37	1.3832	1.386	1.4006			
		0.0454	1.2781	1.3266	1.2767	1.3678	1.4117	1.3748	1.4101	1.3757	1.3693	1.3063			
		0.0462	1.2704	1.2724	1.2747	1.3776	1.3284	1.2994	1.3204	1.3212	1.401	1.3502			
															
		
~End
Plate:	MACLS2 nothing/herceptin	1.3	PlateFormat	Endpoint	Absorbance	Raw	FALSE	1						1	570	1	11	96	2	6	None	
	Temperature(¡C)	1	2	3	4	5	6	7	8	9	10	11	12		
	26.40														
		0.046	0.1723	0.1214	0.1113	0.1041	0.1189	0.1688	0.2075	0.4675	0.7343	1.0794			
		0.044	0.1777	0.138	0.1133	0.1072	0.1236	0.2097	0.2901	0.5836	0.8795	1.0404			
		0.0451	0.1775	0.1347	0.1141	0.1062	0.1344	0.1938	0.2966	0.5107	0.9786	1.2424			
		0.0441	0.9886	1.0666	1.1654	1.1124	1.0546	1.1832	1.0601	1.0488	1.0298	1.0699			
		0.0448	1.0346	1.1028	1.0916	1.1328	1.176	1.2124	1.1302	1.0511	1.1805	1.0379			
		0.0446	0.9629	1.0851	1.1336	1.0509	1.1001	1.1098	1.1958	0.9716	1.1264	0.9618			
															
		
~End
Plate:	MX1 nothing/herceptin	1.3	PlateFormat	Endpoint	Absorbance	Raw	FALSE	1						1	570	1	11	96	2	6	None	
	Temperature(¡C)	1	2	3	4	5	6	7	8	9	10	11	12		
	26.40														
		0.0437	0.2309	0.1843	0.1652	0.143	0.4278	0.7552	0.8549	0.8597	0.8256	0.7912			
		0.0448	0.2272	0.2181	0.1636	0.155	0.4568	0.8163	0.8243	0.8718	0.8745	0.8534			
		0.0446	0.2403	0.2004	0.1591	0.134	0.4625	0.8212	0.8587	0.8224	0.8638	0.8964			
		0.0446	0.8046	0.8795	0.8467	0.831	0.8256	0.802	0.8439	0.8271	0.8602	0.9369			
		0.0457	0.8978	0.8745	0.8309	0.8675	0.8776	0.8946	0.8936	0.8863	0.8807	0.8554			
		0.045	0.8181	0.8473	0.8937	0.926	0.9306	0.9054	0.9263	0.9288	0.8836	0.9806			
															
		
~End
Instrument type: Instrument serial number:
