##BLOCKS= 28         
Note:~End
Plate:	MDA468 nothing/herceptin	1.3	PlateFormat	Endpoint	Absorbance	Raw	FALSE	1						1	570	1	11	96	2	6	None	
	Temperature(¡C)	1	2	3	4	5	6	7	8	9	10	11	12		
	25.80														
		0.0456	0.1321	0.1292	0.0965	0.1022	0.1041	0.1764	0.6037	1.652	1.9677	2.0089			
		0.0478	0.1552	0.1375	0.3039	0.2698	0.1543	0.1695	0.5758	1.5303	1.8311	2.0574			
		0.0469	0.1653	0.3568	0.3795	0.3949	0.3872	0.2883	0.5537	1.547	1.9459	1.98			
		0.0516	2.1143	2.27	2.2749	2.2971	2.2879	2.2511	2.0366	2.0205	2.0456	2.0224			
		0.0462	2.1671	2.1271	2.2055	2.0837	2.1944	2.1394	2.1176	2.1343	2.0342	1.9777			
		0.0464	2.167	2.1343	2.1007	2.1445	2.1084	2.095	2.0604	2.1063	2.046	2.0328			
															
		
~End
Plate:	CAL120 nothing/herceptin	1.3	PlateFormat	Endpoint	Absorbance	Raw	FALSE	1						1	570	1	11	96	2	6	None	
	Temperature(¡C)	1	2	3	4	5	6	7	8	9	10	11	12		
	25.80														
		0.0452	0.1165	0.1241	0.1587	0.3339	0.4625	0.7106	0.792	0.8987	0.8713	0.853			
		0.044	0.1006	0.1293	0.1464	0.3374	0.49	0.6197	0.7958	0.9669	1.0232	0.8233			
		0.0431	0.0974	0.1332	0.172	0.3449	0.552	0.7667	0.8262	1.0507	1.2089	1.1036			
		0.0421	1.2933	1.1875	1.216	1.2286	1.3322	1.2375	1.1795	1.0991	1.1036	1.0467			
		0.0447	1.2055	1.2725	1.2062	1.253	1.2597	1.2441	1.2163	1.0849	1.1218	1.2303			
		0.0423	1.2756	1.1264	1.1075	1.2822	1.2413	1.2391	1.235	1.1438	1.0983	1.1137			
															
		
~End
Plate:	CAMA1 nothing/herceptin	1.3	PlateFormat	Endpoint	Absorbance	Raw	FALSE	1						1	570	1	11	96	2	6	None	
	Temperature(¡C)	1	2	3	4	5	6	7	8	9	10	11	12		
	25.80														
		0.0442	0.6014	0.5018	0.6938	1.5458	0.9026	1.1677	1.8893	1.9431	2.1909	2.0742			
		0.0491	0.5999	0.5036	0.7012	1.5513	1.0535	1.2829	1.9851	2.0632	2.0108	1.9584			
		0.0476	0.5393	0.4232	0.6176	1.4412	1.0815	1.466	1.8826	2.0047	1.9728	2.0096			
		0.0474	2.4476	2.4859	2.4821	2.4998	2.489	2.4996	2.4735	2.4801	2.4875	2.4778			
		0.0484	2.4821	2.4889	2.524	2.4889	2.4881	2.4961	2.4943	2.4987	2.4701	2.4678			
		0.0469	2.4716	2.4873	2.4465	2.489	2.5027	2.4841	2.4908	2.4772	2.4801	2.4576			
															
		
~End
Plate:	SKBR5 nothing/herceptin	1.3	PlateFormat	Endpoint	Absorbance	Raw	FALSE	1						1	570	1	11	96	2	6	None	
	Temperature(¡C)	1	2	3	4	5	6	7	8	9	10	11	12		
	25.80														
		0.0448	0.3701	0.1834	0.1057	0.1666	0.3772	1.3272	1.5916	1.631	1.6215	1.5992			
		0.0443	0.372	0.2295	0.1146	0.1756	0.3718	1.2012	1.6299	1.707	1.6697	1.6414			
		0.0488	0.3913	0.2344	0.1154	0.1749	0.3748	1.1448	1.6524	1.6938	1.6518	1.6243			
		0.0488	1.7226	1.8144	1.7969	1.8395	1.7704	1.7557	1.7082	1.7624	1.6851	1.5188			
		0.0461	1.6817	1.7049	1.7607	1.7915	1.7478	1.726	1.7978	1.7856	1.6813	1.4757			
		0.05	1.799	1.7258	1.8016	1.7789	1.7873	1.6202	1.6722	1.7585	1.647	1.4778			
															
		
~End
Plate:	CAL51 nothing/herceptin	1.3	PlateFormat	Endpoint	Absorbance	Raw	FALSE	1						1	570	1	11	96	2	6	None	
	Temperature(¡C)	1	2	3	4	5	6	7	8	9	10	11	12		
	25.90														
		0.0473	0.1119	0.1029	0.092	0.1094	0.1864	0.5395	1.2852	1.7251	1.9467	2.0747			
		0.0461	0.097	0.1054	0.1072	0.1221	0.1869	0.4846	1.2402	1.8231	1.9752	2.0687			
		0.0434	0.1006	0.102	0.0946	0.1186	0.1853	0.5049	1.2288	1.7863	2.0356	2.1042			
		0.0453	2.1137	2.2249	2.2373	2.2201	2.248	2.2231	2.1548	2.153	2.12	2.0778			
		0.0459	2.1014	2.2532	2.2339	2.2753	2.237	2.2394	2.1591	2.1945	2.189	2.0685			
		0.046	2.1182	2.2058	2.1845	2.2816	2.1983	2.2444	2.1666	2.219	2.1483	2.0545			
															
		
~End
Plate:	CAL148 nothing/herceptin	1.3	PlateFormat	Endpoint	Absorbance	Raw	FALSE	1						1	570	1	11	96	2	6	None	
	Temperature(¡C)	1	2	3	4	5	6	7	8	9	10	11	12		
	25.90														
		0.0456	0.1268	0.1224	0.1143	0.1098	0.1185	0.141	0.2005	0.3453	0.3925	0.3746			
		0.0449	0.1217	0.1265	0.1177	0.1269	0.1294	0.1442	0.263	0.4332	0.4806	0.5258			
		0.0451	0.1347	0.1429	0.1285	0.1147	0.1448	0.1435	0.2623	0.4499	0.5449	0.5037			
		0.0459	0.6104	0.7744	0.8303	0.8141	0.6439	0.6938	0.8277	0.8385	0.6245	0.6136			
		0.0463	0.6556	0.7901	0.7569	0.7991	0.6716	0.7608	0.7154	0.6685	0.6409	0.5711			
		0.0549	0.6589	0.7582	0.7375	0.7611	0.6794	0.7791	0.7054	0.665	0.5628	0.5981			
															
		
~End
Plate:	JIMT1 nothing/herceptin	1.3	PlateFormat	Endpoint	Absorbance	Raw	FALSE	1						1	570	1	11	96	2	6	None	
	Temperature(¡C)	1	2	3	4	5	6	7	8	9	10	11	12		
	25.90														
		0.0449	0.0988	0.0846	0.0863	0.2194	0.3433	0.6032	1.0379	1.2946	1.1936	1.2161			
		0.0465	0.1022	0.0822	0.087	0.1909	0.3574	0.5464	1.0527	1.1039	1.1555	1.1797			
		0.0442	0.0999	0.086	0.0838	0.1873	0.365	0.5524	0.8723	1.1357	1.2071	1.351			
		0.047	1.4963	1.324	1.2993	1.3606	1.3329	1.3366	1.3293	1.2434	1.1922	1.3827			
		0.0436	1.3634	1.448	1.5284	1.4479	1.3078	1.3719	1.3493	1.3582	1.2759	1.2562			
		0.0435	1.6627	1.5073	1.5172	1.5308	1.5019	1.5118	1.5508	1.4177	1.3451	1.5099			
															
		
~End
Plate:	HS578T nothing/herceptin	1.3	PlateFormat	Endpoint	Absorbance	Raw	FALSE	1						1	570	1	11	96	2	6	None	
	Temperature(¡C)	1	2	3	4	5	6	7	8	9	10	11	12		
	25.90														
		0.0468	0.1524	0.1117	0.1028	0.2289	0.6023	0.7796	0.8946	0.8904	0.8585	0.8649			
		0.0537	0.1587	0.1248	0.1122	0.244	0.654	0.8095	0.9684	0.951	0.8075	0.8673			
		0.0473	0.1909	0.1198	0.1061	0.2488	0.6143	0.859	0.9959	0.9384	0.8978	0.8618			
		0.0504	1.1924	1.1213	1.2556	1.3265	1.278	1.4116	1.2389	1.2427	1.2234	1.0765			
		0.0467	1.1892	1.2257	1.4575	1.3719	1.2346	1.5053	1.39	1.1123	0.9978	1.0948			
		0.0493	1.0359	1.23	1.2204	1.2741	1.1999	1.2452	1.1565	1.0952	1.1735	1.0152			
															
		
~End
Plate:	BT474 nothing/herceptin	1.3	PlateFormat	Endpoint	Absorbance	Raw	FALSE	1						1	570	1	11	96	2	6	None	
	Temperature(¡C)	1	2	3	4	5	6	7	8	9	10	11	12		
	25.90														
		0.0464	0.2786	0.2688	0.2618	1.0697	1.4131	1.5021	1.5759	1.53	1.5489	1.6247			
		0.0451	0.322	0.2571	0.3397	1.0869	1.5173	1.533	1.6932	1.5943	1.7334	1.7279			
		0.0472	0.311	0.249	0.2935	1.1136	1.4884	1.6435	1.7318	1.7707	1.7595	1.7084			
		0.0461	0.517	0.5447	0.5749	0.6085	0.5693	0.5805	0.6956	0.8025	1.2257	1.5511			
		0.0475	0.4952	0.5317	0.5429	0.5848	0.576	0.6188	0.7389	0.825	1.2267	1.3809			
		0.046	0.4693	0.4275	0.4348	0.4724	0.488	0.4841	0.516	0.7172	1.2194	1.5203			
															
		
~End
Plate:	MDA231 nothing/herceptin	1.3	PlateFormat	Endpoint	Absorbance	Raw	FALSE	1						1	570	1	11	96	2	6	None	
	Temperature(¡C)	1	2	3	4	5	6	7	8	9	10	11	12		
	25.90														
		0.0464	0.0908	0.0953	0.0959	0.183	0.2528	0.5744	1.1602	1.4678	1.4324	1.3134			
		0.0477	0.1043	0.1054	0.1062	0.1925	0.2599	0.5541	1.156	1.3299	1.3227	1.4345			
		0.0458	0.1033	0.1001	0.1008	0.1666	0.2519	0.5552	1.1765	1.283	1.4703	1.4924			
		0.045	1.7347	1.7299	1.6613	1.6331	1.7588	1.6349	1.7113	1.4394	1.5018	1.592			
		0.0448	1.7134	1.7626	1.7679	1.6815	1.6935	1.6882	1.67	1.6554	1.5604	1.5406			
		0.0438	1.6946	1.6825	1.6889	1.6969	1.764	1.6774	1.6404	1.4417	1.5165	1.5103			
															
		
~End
Plate:	EVSAT nothing/herceptin	1.3	PlateFormat	Endpoint	Absorbance	Raw	FALSE	1						1	570	1	11	96	2	6	None	
	Temperature(¡C)	1	2	3	4	5	6	7	8	9	10	11	12		
	25.90														
		0.0442	0.1474	0.1746	0.1541	0.225	0.3217	1.2331	2.1846	2.3237	2.3689	2.3768			
		0.0463	0.1311	0.1686	0.1498	0.1955	0.3542	1.1257	2.0352	2.2821	2.4125	2.3961			
		0.0489	0.1437	0.165	0.1582	0.2166	0.3466	1.204	2.2474	2.3756	2.4326	2.4481			
		0.048	2.4845	2.5301	2.5076	2.5106	2.4934	2.4333	2.4458	2.4805	2.4882	2.4267			
		0.047	2.4913	2.4691	2.45	2.4738	2.454	2.4492	2.5034	2.4591	2.4503	2.4104			
		0.0437	2.5147	2.5033	2.5112	2.4671	2.4938	2.4584	2.4605	2.4754	2.495	2.3837			
															
		
~End
Plate:	MDA436 nothing/herceptin	1.3	PlateFormat	Endpoint	Absorbance	Raw	FALSE	1						1	570	1	11	96	2	6	None	
	Temperature(¡C)	1	2	3	4	5	6	7	8	9	10	11	12		
	25.90														
		0.0462	0.1108	0.1043	0.1089	0.1016	0.1304	0.1659	0.1859	0.253	0.4933	0.7897			
		0.0456	0.1108	0.098	0.1235	0.1107	0.1315	0.1817	0.2105	0.3151	0.53	0.8295			
		0.046	0.1149	0.1053	0.1158	0.1049	0.128	0.2064	0.2389	0.3196	0.474	0.8504			
		0.0457	0.9874	0.9065	0.9455	0.9536	0.9411	0.9435	0.9106	0.9086	0.8893	0.9345			
		0.0463	0.9614	0.9496	0.9271	0.9561	0.896	0.8684	1.0337	0.9523	0.9234	0.8929			
		0.0452	0.9401	0.9667	0.9479	1.0193	0.9327	0.923	0.8975	0.8906	0.8555	0.9421			
															
		
~End
Plate:	KPL1 nothing/herceptin	1.3	PlateFormat	Endpoint	Absorbance	Raw	FALSE	1						1	570	1	11	96	2	6	None	
	Temperature(¡C)	1	2	3	4	5	6	7	8	9	10	11	12		
	25.90														
		0.043	0.1425	0.1104	0.1307	0.4097	0.7478	0.8889	1.2048	1.4758	1.364	1.602			
		0.0434	0.1527	0.1272	0.1529	0.4551	0.9615	0.9853	1.4171	1.5455	1.614	1.5336			
		0.0412	0.141	0.1277	0.1231	0.5956	1.0284	1.1543	1.4707	1.5202	1.7393	1.6302			
		0.0475	2.1369	2.1335	2.1369	2.2261	2.2747	2.1893	2.1406	2.1403	2.0781	1.8933			
		0.0435	2.1708	2.0545	2.1469	2.2738	2.1231	2.1984	2.0567	2.0721	1.9853	2.0074			
		0.0502	1.9358	2.1043	2.0325	2.151	2.1542	2.1227	2.0458	2.1244	1.924	1.9663			
															
		
~End
Plate:	HCC1419 nothing/herceptin	1.3	PlateFormat	Endpoint	Absorbance	Raw	FALSE	1						1	570	1	11	96	2	6	None	
	Temperature(¡C)	1	2	3	4	5	6	7	8	9	10	11	12		
	25.90														
		0.0453	0.3548	0.3149	0.4647	1.567	1.7711	1.9096	1.8785	1.89	1.8409	1.7922			
		0.0449	0.3527	0.329	0.3165	1.4728	1.8033	1.9507	1.9211	1.9525	1.8918	1.8878			
		0.0458	0.3802	0.3778	0.416	1.7296	1.8989	2.0771	2.0819	1.925	1.9464	1.9049			
		0.0456	1.787	1.784	1.8044	1.9136	1.8939	1.8802	2.0086	1.919	1.8696	1.941			
		0.0452	1.7458	1.724	1.753	1.7791	1.8127	1.8709	1.9163	1.8656	1.9043	1.841			
		0.0445	1.7236	1.7112	1.7422	1.7685	1.6999	1.8158	1.7477	1.8337	1.8246	1.7852			
															
		
~End
Plate:	OCUB1 nothing/herceptin	1.3	PlateFormat	Endpoint	Absorbance	Raw	FALSE	1						1	570	1	11	96	2	6	None	
	Temperature(¡C)	1	2	3	4	5	6	7	8	9	10	11	12		
	25.90														
		0.0446	0.1626	0.1468	0.1694	0.1742	0.1851	0.3041	0.7698	1.089	1.3878	1.248			
		0.0431	0.1733	0.1597	0.1447	0.155	0.2029	0.288	0.8102	1.1546	1.2084	1.2674			
		0.0456	0.1652	0.1484	0.132	0.2036	0.248	0.4942	0.8152	1.0878	1.1987	1.2606			
		0.0466	1.4016	1.4024	1.3792	1.3609	1.3903	1.3553	1.3082	1.4383	1.323	1.4254			
		0.0455	1.2583	1.2909	1.2718	1.2168	1.5108	1.2309	1.2081	1.0699	1.1868	1.3056			
		0.045	1.4114	1.2682	1.3913	1.3325	1.3542	1.3626	1.318	1.1967	1.2515	1.3127			
															
		
~End
Plate:	DU145 nothing/herceptin	1.3	PlateFormat	Endpoint	Absorbance	Raw	FALSE	1						1	570	1	11	96	2	6	None	
	Temperature(¡C)	1	2	3	4	5	6	7	8	9	10	11	12		
	25.90														
		0.0439	0.1615	0.1462	0.1238	0.1346	0.1408	0.456	1.297	1.4106	1.4892	1.4677			
		0.0517	0.1556	0.1406	0.1425	0.1288	0.1365	0.3349	1.3008	1.5659	1.6303	1.5981			
		0.0452	0.1926	0.1425	0.1255	0.1228	0.1297	0.4548	1.7085	1.5844	1.6945	1.6215			
		0.0475	1.6796	1.7129	1.6948	1.8278	1.7099	1.746	1.7462	1.5215	1.5667	1.4537			
		0.0446	1.6795	1.7098	1.7129	1.7192	1.7342	1.8394	1.7386	1.5762	1.5436	1.5656			
		0.0457	1.5788	1.59	1.6019	1.6215	1.5778	1.6898	1.573	1.4948	1.5024	1.5279			
															
		
~End
Plate:	HCC38 nothing/herceptin	1.3	PlateFormat	Endpoint	Absorbance	Raw	FALSE	1						1	570	1	11	96	2	6	None	
	Temperature(¡C)	1	2	3	4	5	6	7	8	9	10	11	12		
	26.00														
		0.0449	0.1053	0.0878	0.0779	0.0849	0.1221	0.248	0.5187	0.51	0.6369	0.4134			
		0.044	0.1125	0.1094	0.0804	0.092	0.1319	0.2988	0.5102	0.5858	0.4804	0.5139			
		0.0537	0.109	0.0996	0.09	0.089	0.1674	0.3177	0.5499	0.6086	0.547	0.4836			
		0.0452	0.6932	0.7734	0.7724	0.7518	0.8304	0.8133	0.778	0.5667	0.5154	0.4526			
		0.0458	0.6968	0.7521	0.7551	0.7718	0.8168	0.8172	0.7579	0.6275	0.5333	0.4962			
		0.0457	0.6149	0.4993	0.601	0.5462	0.6287	0.5744	0.6208	0.5927	0.5905	0.4772			
															
		
~End
Plate:	BT20 nothing/herceptin	1.3	PlateFormat	Endpoint	Absorbance	Raw	FALSE	1						1	570	1	11	96	2	6	None	
	Temperature(¡C)	1	2	3	4	5	6	7	8	9	10	11	12		
	26.00														
		0.0458	0.1819	0.1793	0.1881	0.2035	0.197	0.3868	0.5012	0.5888	0.6059	0.5425			
		0.0477	0.1701	0.1924	0.1541	0.1688	0.1604	0.2985	0.4671	0.6264	0.612	0.547			
		0.048	0.1602	0.1491	0.1357	0.1318	0.1409	0.3216	0.4364	0.6093	0.656	0.5364			
		0.0447	0.6249	0.7039	0.6926	0.6855	0.7373	0.659	0.6513	0.6068	0.6353	0.5289			
		0.0454	0.6689	0.684	0.6851	0.6624	0.6627	0.712	0.6975	0.6739	0.6051	0.4585			
		0.0472	0.629	0.6457	0.7108	0.6564	0.7033	0.7101	0.6115	0.6038	0.5532	0.4063			
															
		
~End
Plate:	LY2 nothing/herceptin	1.3	PlateFormat	Endpoint	Absorbance	Raw	FALSE	1						1	570	1	11	96	2	6	None	
	Temperature(¡C)	1	2	3	4	5	6	7	8	9	10	11	12		
	26.00														
		0.0446	0.3685	0.2329	0.3715	0.8512	1.1338	1.8029	1.9004	2.0277	2.1638	2.2159			
		0.0466	0.3333	0.266	0.4472	1.0677	1.3784	2.0171	2.2306	2.2063	2.2784	2.2691			
		0.045	0.3387	0.2643	0.6003	1.0787	1.4232	2.111	2.1769	2.2805	2.2706	2.2621			
		0.0441	2.3662	2.3589	2.3211	2.3158	2.337	2.3336	2.207	2.3102	2.2562	2.1605			
		0.0449	2.3842	2.3965	2.4167	2.4033	2.359	2.3509	2.3569	2.3627	2.3341	2.2286			
		0.0452	2.4489	2.3975	2.4598	2.4508	2.3554	2.395	2.3844	2.3076	2.372	2.2801			
															
		
~End
Plate:	T47D nothing/herceptin	1.3	PlateFormat	Endpoint	Absorbance	Raw	FALSE	1						1	570	1	11	96	2	6	None	
	Temperature(¡C)	1	2	3	4	5	6	7	8	9	10	11	12		
	26.00														
		0.0459	0.1693	0.2567	0.237	0.3294	0.6228	1.0428	1.6593	1.7179	1.7715	1.6899			
		0.0477	0.1743	0.2529	0.2583	0.3454	0.6609	1.0178	1.7246	1.8543	1.7326	1.7373			
		0.0459	0.1781	0.2654	0.2451	0.364	0.7932	1.0514	1.7349	1.8597	1.9373	1.7275			
		0.05	1.9046	1.9068	1.8102	1.8448	1.8193	1.9225	1.8405	1.8517	1.7716	1.7626			
		0.0451	1.8529	1.9481	1.8692	1.8553	1.7909	1.8821	1.8511	1.9113	1.6868	1.7972			
		0.047	1.8201	1.8271	1.7602	1.885	1.8693	1.8365	1.8153	1.7612	1.7131	1.7021			
															
		
~End
Plate:	SW527 nothing/herceptin	1.3	PlateFormat	Endpoint	Absorbance	Raw	FALSE	1						1	570	1	11	96	2	6	None	
	Temperature(¡C)	1	2	3	4	5	6	7	8	9	10	11	12		
	26.00														
		0.0443	0.1439	0.1256	0.1646	0.2634	0.4975	1.5832	2.3886	2.601	2.5257	2.5195			
		0.0408	0.1153	0.136	0.144	0.278	0.5595	1.9475	2.5167	2.4306	2.5787	2.559			
		0.0421	0.1261	0.1129	0.1513	0.285	0.4665	1.9934	2.4217	2.5006	2.5801	2.578			
		0.0427	2.6097	2.638	2.6192	2.5923	2.634	2.6026	2.5797	2.5923	2.5652	2.58			
		0.0436	2.5758	2.6022	2.5783	2.5728	2.5656	2.5658	2.606	2.5057	2.5761	2.57			
		0.0412	2.6057	2.5997	2.6114	2.5904	2.6206	2.5842	2.5814	2.5693	2.5865	2.5382			
															
		
~End
Plate:	MFM223 nothing/herceptin	1.3	PlateFormat	Endpoint	Absorbance	Raw	FALSE	1						1	570	1	11	96	2	6	None	
	Temperature(¡C)	1	2	3	4	5	6	7	8	9	10	11	12		
	25.90														
		0.0442	0.1385	0.1089	0.1117	0.3001	0.4448	0.5301	0.6007	0.5588	0.5863	0.566			
		0.0441	0.1434	0.1185	0.1126	0.3363	0.438	0.5006	0.5904	0.5361	0.583	0.5784			
		0.0448	0.1307	0.1057	0.1175	0.3077	0.4241	0.5329	0.5724	0.515	0.5827	0.5588			
		0.0493	0.6801	0.6817	0.641	0.5936	0.6303	0.6562	0.5784	0.5431	0.5638	0.4837			
		0.0455	0.7	0.7286	0.6541	0.6726	0.6132	0.6761	0.6394	0.5415	0.5638	0.5366			
		0.045	0.6825	0.6334	0.6035	0.6245	0.6056	0.5725	0.5841	0.5023	0.5117	0.5889			
															
		
~End
Plate:	HCT116 nothing/herceptin	1.3	PlateFormat	Endpoint	Absorbance	Raw	FALSE	1						1	570	1	11	96	2	6	None	
	Temperature(¡C)	1	2	3	4	5	6	7	8	9	10	11	12		
	26.00														
		0.0461	0.152	0.1837	0.1538	0.2908	0.9511	1.9642	2.3223	2.3957	2.4082	2.3892			
		0.046	0.1603	0.2127	0.156	0.4481	1.2393	2.1362	2.4189	2.4516	2.4236	2.4586			
		0.0466	0.1646	0.1983	0.1512	0.4285	1.1771	2.1814	2.4238	2.4475	2.4546	2.4626			
		0.0464	2.5071	2.5099	2.4932	2.5232	2.4919	2.5089	2.5236	2.5013	2.4647	2.4379			
		0.0451	2.5137	2.4955	2.5138	2.5212	2.5037	2.4966	2.5063	2.4933	2.4568	2.4343			
		0.0474	2.4831	2.4879	2.5141	2.4908	2.5139	2.4903	2.4791	2.4774	2.4544	2.4086			
															
		
~End
Plate:	AU655 nothing/herceptin	1.3	PlateFormat	Endpoint	Absorbance	Raw	FALSE	1						1	570	1	11	96	2	6	None	
	Temperature(¡C)	1	2	3	4	5	6	7	8	9	10	11	12		
	25.90														
		0.0463	0.2489	0.1929	0.1443	0.1427	0.2411	0.5857	1.0233	1.1739	1.3589	1.3482			
		0.0456	0.2416	0.2141	0.1553	0.1407	0.274	0.6841	1.3035	1.41	1.5194	1.469			
		0.0446	0.278	0.2251	0.1592	0.1478	0.2621	0.6898	1.3433	1.5389	1.5016	1.5018			
		0.043	0.9607	0.9688	0.9207	0.8654	0.9413	0.9529	0.9527	1.0389	1.1656	1.4783			
		0.0441	0.9666	1.0307	1.0019	0.9981	0.8957	0.9504	1.0086	0.9611	1.1297	1.4096			
		0.0446	0.9112	1.0249	0.9578	0.9717	0.8839	0.9705	0.9592	0.9964	1.1295	1.4871			
															
		
~End
Plate:	HCC1428 nothing/herceptin	1.3	PlateFormat	Endpoint	Absorbance	Raw	FALSE	1						1	570	1	11	96	2	6	None	
	Temperature(¡C)	1	2	3	4	5	6	7	8	9	10	11	12		
	26.00														
		0.0445	0.5178	0.5038	0.2859	0.8638	1.1106	0.7313	0.8154	0.7264	0.7686	0.6807			
		0.0484	0.5596	0.6008	0.3158	0.8668	1.1022	0.8579	0.9817	0.8495	0.8463	0.9132			
		0.0463	0.5539	0.5574	0.2703	0.911	1.201	1.1315	1.1381	1.0658	1.0644	1.0323			
		0.0488	0.9414	0.9385	0.9208	0.948	0.8822	0.8886	0.7391	0.7622	0.6607	0.6527			
		0.0447	1.0123	1.0554	1.1779	1.0661	1.0058	0.9105	0.8499	0.8977	0.7942	0.6826			
		0.0424	0.9527	1.0121	1.1655	0.924	1.03	0.8942	0.831	0.7834	0.771	0.637			
															
		
~End
Plate:	MDA330 nothing/herceptin	1.3	PlateFormat	Endpoint	Absorbance	Raw	FALSE	1						1	570	1	11	96	2	6	None	
	Temperature(¡C)	1	2	3	4	5	6	7	8	9	10	11	12		
	26.00														
		0.0415	0.3271	0.3625	0.2472	0.3639	0.4234	0.7142	0.8045	0.8806	0.7977	0.631			
		0.0441	0.3546	0.398	0.276	0.3707	0.5423	0.7015	0.9398	0.9849	0.9638	0.8514			
		0.045	0.3868	0.4463	0.2943	0.4099	0.5799	0.6445	0.9176	0.954	1.0008	0.8815			
		0.0436	0.7044	0.7886	0.8353	0.8427	0.8719	0.8149	0.8239	0.7399	0.7992	0.9489			
		0.0444	0.7535	0.7707	0.7986	0.8325	0.7958	0.6705	0.7924	0.7934	0.7956	0.9113			
		0.0445	0.7346	0.7997	0.7723	0.7256	0.8462	0.7107	0.6461	0.7645	0.7381	0.9198			
															
		
~End
Plate:	MPE600 nothing/herceptin	1.3	PlateFormat	Endpoint	Absorbance	Raw	FALSE	1						1	570	1	11	96	2	6	None	
	Temperature(¡C)	1	2	3	4	5	6	7	8	9	10	11	12		
	26.00														
		0.0461	0.0804	0.0886	0.0873	0.1658	0.2844	0.8271	1.4387	1.9547	2.3023	2.4519			
		0.0471	0.086	0.0912	0.099	0.1916	0.325	0.8452	1.3402	2.0853	2.3912	2.4846			
		0.0455	0.0925	0.0838	0.093	0.1885	0.3098	0.8664	1.5284	2.1511	2.3603	2.3964			
		0.0442	2.4793	2.5105	2.5309	2.5114	2.5355	2.503	2.4569	2.5253	2.4906	2.4878			
		0.0449	2.4881	2.4983	2.5194	2.5018	2.5098	2.4936	2.4341	2.4865	2.4991	2.4397			
		0.0451	2.4328	2.4567	2.4876	2.4982	2.5465	2.5394	2.4277	2.4276	2.4436	2.3866			
															
		
~End
Instrument type: Instrument serial number:
