##BLOCKS= 14         
Plate:	AU655 erlotinib/lapatinib	1.3	PlateFormat	Endpoint	Absorbance	Raw	FALSE	1						1	570	1	11	96	2	6	None	
	Temperature(¡C)	1	2	3	4	5	6	7	8	9	10	11	12		
	27.10														
		0.0457	0.0693	0.0723	0.1826	0.3789	0.3859	0.4308	0.3743	0.3911	0.3918	0.4127			
		0.0538	0.0651	0.0712	0.1937	0.3744	0.4118	0.4066	0.4288	0.407	0.4189	0.4494			
		0.0457	0.0803	0.0782	0.1995	0.3764	0.4349	0.3901	0.3651	0.4308	0.4084	0.3933			
		0.0446	0.0882	0.067	0.074	0.083	0.1005	0.1652	0.1971	0.2421	0.2865	0.4228			
		0.0452	0.1134	0.0652	0.0734	0.0759	0.1033	0.1629	0.2037	0.2212	0.2538	0.4116			
		0.0455	0.0931	0.0772	0.0726	0.0793	0.103	0.1716	0.2093	0.2492	0.2799	0.4432			
															
		
~End
Plate:	HDQP1 erlotinib/lapatinib	1.3	PlateFormat	Endpoint	Absorbance	Raw	FALSE	1						1	570	1	11	96	2	6	None	
	Temperature(¡C)	1	2	3	4	5	6	7	8	9	10	11	12		
	27.10														
		0.0456	0.0927	0.131	0.1533	0.2035	0.1728	0.1961	0.2482	0.2457	0.2763	0.2537			
		0.0506	0.0963	0.1159	0.1588	0.1968	0.175	0.2119	0.242	0.2316	0.296	0.3037			
		0.0456	0.0937	0.1243	0.1665	0.1874	0.2025	0.2237	0.2533	0.2392	0.2794	0.2836			
		0.0455	0.1013	0.1721	0.1809	0.2063	0.2428	0.2648	0.2803	0.2547	0.2805	0.3278			
		0.0446	0.0941	0.1744	0.2044	0.2135	0.2302	0.2812	0.2632	0.2506	0.282	0.3031			
		0.0442	0.0893	0.1864	0.1808	0.218	0.2091	0.242	0.2423	0.2589	0.2657	0.3163			
															
		
~End
Plate:	HCC1143 erlotinib/lapatinib	1.3	PlateFormat	Endpoint	Absorbance	Raw	FALSE	1						1	570	1	11	96	2	6	None	
	Temperature(¡C)	1	2	3	4	5	6	7	8	9	10	11	12		
	27.10														
		0.0459	0.1409	0.2217	0.2775	0.2824	0.3164	0.331	0.3181	0.3138	0.2826	0.3057			
		0.0455	0.1557	0.1991	0.2432	0.3025	0.2843	0.3187	0.3555	0.3132	0.31	0.2937			
		0.0459	0.1492	0.2176	0.2777	0.2935	0.3061	0.2713	0.3058	0.325	0.3112	0.2727			
		0.0447	0.099	0.2297	0.2972	0.3299	0.2995	0.3186	0.346	0.3312	0.2656	0.2602			
		0.0441	0.101	0.2302	0.2929	0.3265	0.2887	0.3353	0.3076	0.2935	0.2936	0.2857			
		0.0517	0.0864	0.2256	0.2884	0.3045	0.252	0.3162	0.3059	0.3227	0.3118	0.2774			
															
		
~End
Plate:	BT549 erlotinib/lapatinib	1.3	PlateFormat	Endpoint	Absorbance	Raw	FALSE	1						1	570	1	11	96	2	6	None	
	Temperature(¡C)	1	2	3	4	5	6	7	8	9	10	11	12		
	27.10														
		0.0467	0.1093	0.1705	0.234	0.3502	0.3427	0.3937	0.4193	0.4592	0.3083	0.3735			
		0.0477	0.1178	0.1594	0.248	0.3083	0.387	0.3671	0.3776	0.3644	0.3447	0.3702			
		0.0482	0.1163	0.18	0.2691	0.3992	0.3527	0.3894	0.3612	0.3516	0.3557	0.3945			
		0.0455	0.0969	0.1725	0.3588	0.3866	0.3869	0.3972	0.4009	0.3996	0.3692	0.352			
		0.0481	0.102	0.1783	0.3701	0.4312	0.3673	0.4353	0.4349	0.4164	0.3696	0.3623			
		0.0504	0.1041	0.1845	0.3962	0.439	0.4116	0.4313	0.4712	0.4095	0.3656	0.3571			
															
		
~End
Plate:	MDA-134 erlotinib/lapatinib	1.3	PlateFormat	Endpoint	Absorbance	Raw	FALSE	1						1	570	1	11	96	2	6	None	
	Temperature(¡C)	1	2	3	4	5	6	7	8	9	10	11	12		
	27.10														
		0.0452	0.1512	0.1772	0.214	0.2379	0.2475	0.2731	0.264	0.2264	0.2471	0.2578			
		0.0456	0.1774	0.1917	0.2188	0.2422	0.2542	0.2633	0.2548	0.2245	0.228	0.2374			
		0.0456	0.1986	0.1826	0.235	0.2236	0.2354	0.2398	0.2353	0.2595	0.2368	0.2379			
		0.0442	0.1104	0.2117	0.2545	0.2537	0.258	0.2482	0.2426	0.2529	0.2531	0.2609			
		0.0512	0.1136	0.2281	0.2725	0.2579	0.2452	0.259	0.2194	0.2721	0.2556	0.2541			
		0.0458	0.1053	0.215	0.2038	0.1782	0.196	0.1885	0.1895	0.2133	0.2048	0.2461			
															
		
~End
Plate:	ZR75-1 erlotinib/lapatinib	1.3	PlateFormat	Endpoint	Absorbance	Raw	FALSE	1						1	570	1	11	96	2	6	None	
	Temperature(¡C)	1	2	3	4	5	6	7	8	9	10	11	12		
	27.10														
		0.0457	0.5442	0.558	0.6227	0.652	0.6473	0.5811	0.6224	0.6439	0.6131	0.7029			
		0.0462	0.5341	0.6163	0.6744	0.682	0.725	0.6425	0.684	0.7201	0.681	0.6875			
		0.0468	0.5987	0.6085	0.7521	0.7218	0.7548	0.7156	0.766	0.8799	0.724	0.751			
		0.0467	0.1394	0.4785	0.6866	0.6971	0.8148	0.7928	0.7835	0.8313	0.7759	0.7273			
		0.0448	0.1169	0.5253	0.6633	0.6534	0.7052	0.8004	0.7392	0.7805	0.7894	0.7414			
		0.0458	0.1083	0.5252	0.653	0.6931	0.7526	0.7584	0.6634	0.694	0.7602	0.765			
															
		
~End
Plate:	SW527 erlotinib/lapatinib	1.3	PlateFormat	Endpoint	Absorbance	Raw	FALSE	1						1	570	1	11	96	2	6	None	
	Temperature(¡C)	1	2	3	4	5	6	7	8	9	10	11	12		
	27.10														
		0.0468	0.1727	0.1649	0.2896	0.8282	0.8545	0.9384	1.0254	1.0248	0.6064	0.9057			
		0.0456	0.1433	0.153	0.3217	0.649	0.8457	0.8403	0.9817	0.9558	0.7083	0.9272			
		0.0478	0.1393	0.1677	0.3125	0.733	0.7981	0.7694	1.1573	0.841	0.5656	1.1154			
		0.0452	0.0846	0.1549	0.5336	0.7409	0.698	0.7531	0.8575	0.7569	0.8189	1.0101			
		0.0439	0.0913	0.2128	0.5103	0.6885	0.6951	0.7826	0.858	0.808	0.6399	0.9096			
		0.0437	0.081	0.1553	0.3595	0.7682	0.6281	0.7744	0.7278	0.8541	0.525	0.9711			
															
		
~End
Plate:	MDA231 erlotinib/lapatinib	1.3	PlateFormat	Endpoint	Absorbance	Raw	FALSE	1						1	570	1	11	96	2	6	None	
	Temperature(¡C)	1	2	3	4	5	6	7	8	9	10	11	12		
	27.10														
		0.0479	0.1989	0.317	0.4263	0.5387	0.5049	0.4714	0.4729	0.5173	0.4949	0.5378			
		0.0451	0.2172	0.3297	0.4733	0.5146	0.5203	0.5141	0.5555	0.5462	0.5458	0.5043			
		0.0447	0.2201	0.3315	0.457	0.5437	0.5475	0.5096	0.5475	0.4883	0.5519	0.4815			
		0.0469	0.0861	0.4494	0.5426	0.559	0.5553	0.5814	0.5531	0.5917	0.551	0.4406			
		0.045	0.094	0.4253	0.5312	0.5401	0.5664	0.6461	0.4898	0.5065	0.6	0.5335			
		0.0433	0.096	0.4232	0.5391	0.5278	0.5624	0.5532	0.5502	0.4974	0.5294	0.5287			
															
		
~End
Plate:	HCC1937 erlotinib/lapatinib	1.3	PlateFormat	Endpoint	Absorbance	Raw	FALSE	1						1	570	1	11	96	2	6	None	
	Temperature(¡C)	1	2	3	4	5	6	7	8	9	10	11	12		
	27.10														
		0.0455	0.096	0.1583	0.2243	0.3111	0.2977	0.3605	0.3866	0.4093	0.4225	0.4516			
		0.049	0.1074	0.1693	0.1906	0.3238	0.2912	0.359	0.4208	0.4547	0.4584	0.5128			
		0.0464	0.1105	0.1867	0.2381	0.3096	0.3051	0.3951	0.4652	0.4496	0.4465	0.4553			
		0.0449	0.1047	0.2183	0.2588	0.3676	0.3271	0.4045	0.4528	0.427	0.4263	0.4031			
		0.0441	0.0897	0.1964	0.2963	0.338	0.3575	0.4488	0.4449	0.4249	0.4647	0.4471			
		0.0431	0.0824	0.2441	0.3075	0.2978	0.2951	0.3853	0.4147	0.4041	0.468	0.4542			
															
		
~End
Plate:	MFM223 erlotinib/lapatinib	1.3	PlateFormat	Endpoint	Absorbance	Raw	FALSE	1						1	570	1	11	96	2	6	None	
	Temperature(¡C)	1	2	3	4	5	6	7	8	9	10	11	12		
	27.10														
		0.0441	0.0909	0.1056	0.2241	0.194	0.2462	0.243	0.2473	0.2385	0.2245	0.247			
		0.0447	0.0938	0.1229	0.1989	0.2439	0.2178	0.2363	0.2153	0.2333	0.2108	0.2297			
		0.045	0.1082	0.1013	0.2104	0.2095	0.2088	0.2344	0.2257	0.2215	0.2027	0.2045			
		0.0445	0.1241	0.2061	0.2054	0.249	0.2362	0.2069	0.2258	0.2103	0.2159	0.2281			
		0.0489	0.1119	0.1979	0.2596	0.2666	0.2402	0.2333	0.2326	0.2144	0.2468	0.2122			
		0.0424	0.0996	0.17	0.2708	0.251	0.2644	0.2467	0.242	0.2476	0.2553	0.2233			
															
		
~End
Plate:	HCC1419 erlotinib/lapatinib	1.3	PlateFormat	Endpoint	Absorbance	Raw	FALSE	1						1	570	1	11	96	2	6	None	
	Temperature(¡C)	1	2	3	4	5	6	7	8	9	10	11	12		
	27.10														
		0.0455	0.1089	0.1478	0.2507	0.3303	0.3584	0.2947	0.2848	0.313	0.3027	0.2816			
		0.0458	0.1147	0.1498	0.2665	0.2864	0.3432	0.3151	0.3267	0.2848	0.2707	0.3004			
		0.0466	0.1163	0.1668	0.275	0.2962	0.3405	0.3473	0.327	0.2977	0.2223	0.1754			
		0.0443	0.1057	0.1017	0.1103	0.0985	0.1246	0.1437	0.1618	0.1788	0.1658	0.1832			
		0.0436	0.1008	0.1161	0.1109	0.0954	0.1095	0.1447	0.1704	0.137	0.1706	0.1844			
		0.0434	0.1001	0.1144	0.1127	0.1066	0.135	0.1299	0.1378	0.1843	0.1924	0.2028			
															
		
~End
Plate:	MDA157 erlotinib/lapatinib	1.3	PlateFormat	Endpoint	Absorbance	Raw	FALSE	1						1	570	1	11	96	2	6	None	
	Temperature(¡C)	1	2	3	4	5	6	7	8	9	10	11	12		
	27.10														
		0.0459	0.0928	0.1001	0.1146	0.1234	0.1322	0.125	0.1442	0.1195	0.1088	0.1205			
		0.0465	0.0965	0.1036	0.1414	0.1211	0.1285	0.1086	0.1045	0.1098	0.1401	0.1217			
		0.047	0.1051	0.0982	0.1327	0.1202	0.1298	0.1272	0.1413	0.1263	0.1213	0.1329			
		0.045	0.0932	0.137	0.1302	0.1418	0.1338	0.135	0.1314	0.1264	0.1289	0.1252			
		0.0442	0.0942	0.1211	0.1313	0.153	0.1264	0.121	0.1555	0.1128	0.1374	0.1057			
		0.0435	0.0916	0.1154	0.1472	0.1195	0.1324	0.1131	0.1315	0.1198	0.1123	0.1027			
															
		
~End
Plate:	HCC1806 erlotinib/lapatinib	1.3	PlateFormat	Endpoint	Absorbance	Raw	FALSE	1						1	570	1	11	96	2	6	None	
	Temperature(¡C)	1	2	3	4	5	6	7	8	9	10	11	12		
	27.10														
		0.0456	0.133	0.2104	0.352	0.4102	0.4669	0.5803	0.6152	0.6367	0.6397	0.5808			
		0.0467	0.1307	0.1984	0.3388	0.4308	0.5146	0.5088	0.6176	0.6073	0.5771	0.6351			
		0.0446	0.1418	0.2064	0.4455	0.4682	0.6114	0.7338	0.7534	0.6149	0.5562	0.6389			
		0.0444	0.0931	0.3065	0.4153	0.6315	0.6513	0.6709	0.7715	0.5666	0.389	0.4202			
		0.044	0.1049	0.2997	0.4144	0.4289	0.3854	0.4856	0.5168	0.4611	0.3755	0.3292			
		0.0438	0.0877	0.2726	0.2901	0.3048	0.2816	0.3304	0.3728	0.6688	0.3099	0.4128			
															
		
~End
Plate:	ACC202 erlotinib/lapatinib	1.3	PlateFormat	Endpoint	Absorbance	Raw	FALSE	1						1	570	1	11	96	2	6	None	
	Temperature(¡C)	1	2	3	4	5	6	7	8	9	10	11	12		
	27.10														
		0.0456	0.0764	0.092	0.1185	0.1934	0.1585	0.1804	0.181	0.1919	0.198	0.185			
		0.0453	0.0828	0.0838	0.1024	0.1493	0.1589	0.1691	0.1637	0.1602	0.1871	0.2144			
		0.0449	0.0896	0.0884	0.0996	0.1335	0.1571	0.1576	0.1653	0.2071	0.1595	0.1799			
		0.0444	0.099	0.0905	0.1054	0.1025	0.1314	0.1653	0.1817	0.2007	0.2039	0.223			
		0.0445	0.1077	0.0985	0.1033	0.1095	0.13	0.1857	0.1829	0.1888	0.2195	0.224			
		0.0433	0.0908	0.0894	0.1022	0.1038	0.1161	0.1216	0.1475	0.1777	0.2169	0.2367			
															
		
~End
