##BLOCKS= 26         
Note:~End
Plate:	MDA468 herceptin/nothing	1.3	PlateFormat	Endpoint	Absorbance	Raw	FALSE	1						1	570	1	11	96	2	3	None	
	Temperature(¡C)	1	2	3	4	5	6	7	8	9	10	11	12		
	25.80														
		0.0445	2.3321	2.3717	2.4323	2.4205	2.4616	2.4336	2.4112	2.442	2.3974	2.3566			
		0.0475	2.3523	2.469	2.4439	2.4872	2.4549	2.485	2.4739	2.4524	2.4717	2.4217			
		0.0446	2.3654	2.4205	2.4471	2.4186	2.3118	2.3732	2.3729	2.3988	2.3813	2.3022			
		0.0445	2.3321	2.3717	2.4323	2.4205	2.4616	2.4336	2.4112	2.442	2.3974	2.3566			
		0.0475	2.3523	2.469	2.4439	2.4872	2.4549	2.485	2.4739	2.4524	2.4717	2.4217			
		0.0446	2.3654	2.4205	2.4471	2.4186	2.3118	2.3732	2.3729	2.3988	2.3813	2.3022			
															
		
~End
Plate:	BT20 herceptin/nothing	1.3	PlateFormat	Endpoint	Absorbance	Raw	FALSE	1						1	570	1	11	96	2	3	None	
	Temperature(¡C)	1	2	3	4	5	6	7	8	9	10	11	12		
	25.80														
		0.0463	0.6467	0.6566	0.6139	0.6807	0.6131	0.6206	0.6785	0.6254	0.6047	0.6198			
		0.0466	0.6797	0.7668	0.7856	0.7605	0.843	0.7842	0.7428	1.0348	0.7541	0.6116			
		0.0473	0.5749	0.6994	0.6719	0.6908	0.683	0.6762	0.7194	0.7014	0.6097	0.5049			
		0.0445	2.3321	2.3717	2.4323	2.4205	2.4616	2.4336	2.4112	2.442	2.3974	2.3566			
		0.0475	2.3523	2.469	2.4439	2.4872	2.4549	2.485	2.4739	2.4524	2.4717	2.4217			
		0.0446	2.3654	2.4205	2.4471	2.4186	2.3118	2.3732	2.3729	2.3988	2.3813	2.3022			
															
		
~End
Plate:	JIMT1 herceptin/nothing	1.3	PlateFormat	Endpoint	Absorbance	Raw	FALSE	1						1	570	1	11	96	2	3	None	
	Temperature(¡C)	1	2	3	4	5	6	7	8	9	10	11	12		
	25.80														
		0.0469	1.2697	1.4046	1.5976	1.6989	1.6595	1.5705	1.5552	1.4107	1.5164	1.4063			
		0.0446	1.6549	1.6709	1.5277	1.7165	1.6941	1.6425	1.4136	1.4925	1.5273	1.481			
		0.0472	1.4937	1.3437	1.3683	1.4636	1.6752	1.499	1.4351	1.4025	1.2588	1.5641			
		0.0445	2.3321	2.3717	2.4323	2.4205	2.4616	2.4336	2.4112	2.442	2.3974	2.3566			
		0.0475	2.3523	2.469	2.4439	2.4872	2.4549	2.485	2.4739	2.4524	2.4717	2.4217			
		0.0446	2.3654	2.4205	2.4471	2.4186	2.3118	2.3732	2.3729	2.3988	2.3813	2.3022			
															
		
~End
Plate:	EVSAT herceptin/nothing	1.3	PlateFormat	Endpoint	Absorbance	Raw	FALSE	1						1	570	1	11	96	2	3	None	
	Temperature(¡C)	1	2	3	4	5	6	7	8	9	10	11	12		
	25.80														
		0.0477	2.6044	2.6279	2.6401	2.6087	2.6312	2.6308	2.6403	2.6446	2.6128	2.564			
		0.0458	2.6199	2.6506	2.6295	2.6573	2.6695	2.6366	2.6595	2.6107	2.6204	2.5765			
		0.0455	2.6466	2.6372	2.6498	2.6327	2.6627	2.5936	2.6299	2.6171	2.6203	2.552			
		0.0445	2.3321	2.3717	2.4323	2.4205	2.4616	2.4336	2.4112	2.442	2.3974	2.3566			
		0.0475	2.3523	2.469	2.4439	2.4872	2.4549	2.485	2.4739	2.4524	2.4717	2.4217			
		0.0446	2.3654	2.4205	2.4471	2.4186	2.3118	2.3732	2.3729	2.3988	2.3813	2.3022			
															
		
~End
Plate:	CAL120 herceptin/nothing	1.3	PlateFormat	Endpoint	Absorbance	Raw	FALSE	1						1	570	1	11	96	2	3	None	
	Temperature(¡C)	1	2	3	4	5	6	7	8	9	10	11	12		
	25.80														
		0.0492	0.9611	0.9124	0.96	0.913	0.9838	0.9129	1.0654	1.0923	0.84	0.7487			
		0.0452	1.0033	1.0888	1.0006	0.9266	0.9705	0.9157	1.0233	1.0518	0.8558	0.8162			
		0.0462	1.0232	0.8861	0.9373	0.7943	0.8908	0.753	0.745	0.7982	0.7876	0.7317			
		0.0445	2.3321	2.3717	2.4323	2.4205	2.4616	2.4336	2.4112	2.442	2.3974	2.3566			
		0.0475	2.3523	2.469	2.4439	2.4872	2.4549	2.485	2.4739	2.4524	2.4717	2.4217			
		0.0446	2.3654	2.4205	2.4471	2.4186	2.3118	2.3732	2.3729	2.3988	2.3813	2.3022			
															
		
~End
Plate:	CAL148 herceptin/nothing	1.3	PlateFormat	Endpoint	Absorbance	Raw	FALSE	1						1	570	1	11	96	2	3	None	
	Temperature(¡C)	1	2	3	4	5	6	7	8	9	10	11	12		
	25.80														
		0.0486	0.3942	0.4167	0.4556	0.4591	0.5193	0.5253	0.468	0.4652	0.4173	0.3755			
		0.0486	0.553	0.5688	0.5574	0.6216	0.5447	0.5803	0.5679	0.5695	0.4558	0.4408			
		0.047	0.5518	0.4969	0.4946	0.4769	0.4916	0.5033	0.4244	0.4646	0.4138	0.3199			
		0.0445	2.3321	2.3717	2.4323	2.4205	2.4616	2.4336	2.4112	2.442	2.3974	2.3566			
		0.0475	2.3523	2.469	2.4439	2.4872	2.4549	2.485	2.4739	2.4524	2.4717	2.4217			
		0.0446	2.3654	2.4205	2.4471	2.4186	2.3118	2.3732	2.3729	2.3988	2.3813	2.3022			
															
		
~End
Plate:	SKBR5 herceptin/nothing	1.3	PlateFormat	Endpoint	Absorbance	Raw	FALSE	1						1	570	1	11	96	2	3	None	
	Temperature(¡C)	1	2	3	4	5	6	7	8	9	10	11	12		
	25.80														
		0.0453	1.9067	2.2514	2.2597	2.3022	2.3064	2.2839	2.2934	2.2736	2.3107	2.219			
		0.0474	2.2228	2.404	2.2723	2.3408	2.4167	2.2885	2.2736	2.1834	2.1774	2.3036			
		0.0412	2.1001	2.2906	2.2289	2.2284	2.2143	2.2102	2.1786	2.0682	2.1567	2.1687			
		0.0445	2.3321	2.3717	2.4323	2.4205	2.4616	2.4336	2.4112	2.442	2.3974	2.3566			
		0.0475	2.3523	2.469	2.4439	2.4872	2.4549	2.485	2.4739	2.4524	2.4717	2.4217			
		0.0446	2.3654	2.4205	2.4471	2.4186	2.3118	2.3732	2.3729	2.3988	2.3813	2.3022			
															
		
~End
Plate:	CAMA1 herceptin/nothing	1.3	PlateFormat	Endpoint	Absorbance	Raw	FALSE	1						1	570	1	11	96	2	3	None	
	Temperature(¡C)	1	2	3	4	5	6	7	8	9	10	11	12		
	25.80														
		0.0464	2.0803	2.4221	2.2855	2.3953	2.525	2.4875	2.4217	2.3901	2.4354	2.4361			
		0.0464	2.409	2.3119	2.3401	2.4567	2.4114	2.4427	2.4258	2.4708	2.3999	2.4326			
		0.0458	2.442	2.4174	2.4638	2.4413	2.4734	2.4325	2.406	2.4876	2.4337	2.4276			
		0.0445	2.3321	2.3717	2.4323	2.4205	2.4616	2.4336	2.4112	2.442	2.3974	2.3566			
		0.0475	2.3523	2.469	2.4439	2.4872	2.4549	2.485	2.4739	2.4524	2.4717	2.4217			
		0.0446	2.3654	2.4205	2.4471	2.4186	2.3118	2.3732	2.3729	2.3988	2.3813	2.3022			
															
		
~End
Plate:	BT474 herceptin/nothing	1.3	PlateFormat	Endpoint	Absorbance	Raw	FALSE	1						1	570	1	11	96	2	3	None	
	Temperature(¡C)	1	2	3	4	5	6	7	8	9	10	11	12		
	25.80														
		0.0446	0.7045	0.7488	0.8065	0.8943	0.8333	0.8472	0.888	0.8397	0.9662	2.1693			
		0.0456	0.8807	0.9976	0.94	0.9881	0.8863	0.9047	1.0067	0.9165	1.0652	2.2698			
		0.0437	0.8508	0.911	0.8738	0.8174	0.7963	0.8445	0.8526	0.8549	0.8392	2.07			
		0.0445	2.3321	2.3717	2.4323	2.4205	2.4616	2.4336	2.4112	2.442	2.3974	2.3566			
		0.0475	2.3523	2.469	2.4439	2.4872	2.4549	2.485	2.4739	2.4524	2.4717	2.4217			
		0.0446	2.3654	2.4205	2.4471	2.4186	2.3118	2.3732	2.3729	2.3988	2.3813	2.3022			
															
		
~End
Plate:	HS578T herceptin/nothing	1.3	PlateFormat	Endpoint	Absorbance	Raw	FALSE	1						1	570	1	11	96	2	3	None	
	Temperature(¡C)	1	2	3	4	5	6	7	8	9	10	11	12		
	25.80														
		0.0462	1.4581	1.3749	1.6546	1.3064	1.3304	1.3211	1.2805	1.2723	1.3117	1.2681			
		0.0472	1.4129	1.6619	1.5069	1.6955	1.6436	1.6148	1.5703	1.5894	1.4086	1.3579			
		0.0439	1.4129	1.5417	1.5504	1.6298	1.6704	1.6292	1.6347	1.6927	1.4372	1.443			
		0.0445	2.3321	2.3717	2.4323	2.4205	2.4616	2.4336	2.4112	2.442	2.3974	2.3566			
		0.0475	2.3523	2.469	2.4439	2.4872	2.4549	2.485	2.4739	2.4524	2.4717	2.4217			
		0.0446	2.3654	2.4205	2.4471	2.4186	2.3118	2.3732	2.3729	2.3988	2.3813	2.3022			
															
		
~End
Plate:	MDA330 herceptin/nothing	1.3	PlateFormat	Endpoint	Absorbance	Raw	FALSE	1						1	570	1	11	96	2	3	None	
	Temperature(¡C)	1	2	3	4	5	6	7	8	9	10	11	12		
	25.80														
		0.0454	0.6461	0.7152	0.6577	0.6771	0.6379	0.6644	0.6425	0.6157	0.6247	1.0316			
		0.047	0.6629	0.7899	0.8024	0.8316	0.794	0.8292	0.7477	0.797	0.7609	1.0516			
		0.0484	0.6088	0.8001	0.7667	0.7436	0.7177	0.7023	0.761	0.731	0.7024	1.0596			
		0.0445	2.3321	2.3717	2.4323	2.4205	2.4616	2.4336	2.4112	2.442	2.3974	2.3566			
		0.0475	2.3523	2.469	2.4439	2.4872	2.4549	2.485	2.4739	2.4524	2.4717	2.4217			
		0.0446	2.3654	2.4205	2.4471	2.4186	2.3118	2.3732	2.3729	2.3988	2.3813	2.3022			
															
		
~End
Plate:	MDA436 herceptin/nothing	1.3	PlateFormat	Endpoint	Absorbance	Raw	FALSE	1						1	570	1	11	96	2	3	None	
	Temperature(¡C)	1	2	3	4	5	6	7	8	9	10	11	12		
	25.80														
		0.0446	1.1721	1.076	1.1558	1.1307	1.1735	0.9841	1.1239	1.055	1.1461	1.056			
		0.0492	1.1552	1.1824	1.0852	1.2998	1.3558	1.2297	1.0135	1.3711	1.0418	1.1059			
		0.045	1.0261	1.131	1.043	1.1496	1.3146	1.301	1.2646	1.1468	0.9549	0.9174			
		0.0445	2.3321	2.3717	2.4323	2.4205	2.4616	2.4336	2.4112	2.442	2.3974	2.3566			
		0.0475	2.3523	2.469	2.4439	2.4872	2.4549	2.485	2.4739	2.4524	2.4717	2.4217			
		0.0446	2.3654	2.4205	2.4471	2.4186	2.3118	2.3732	2.3729	2.3988	2.3813	2.3022			
															
		
~End
Plate:	HCC38 herceptin/nothing	1.3	PlateFormat	Endpoint	Absorbance	Raw	FALSE	1						1	570	1	11	96	2	3	None	
	Temperature(¡C)	1	2	3	4	5	6	7	8	9	10	11	12		
	25.80														
		0.0461	0.8697	1.0163	0.9552	0.8942	1.0053	0.9325	1.2586	0.9273	1.056	0.9128			
		0.0479	0.9861	1.1845	1.1691	1.179	1.0973	1.2527	1.1882	1.0759	1.0775	0.9858			
		0.0462	0.9517	1.1523	1.0645	0.9326	1.0705	1.0928	1.0723	1.1053	1.0843	0.9443			
		0.0445	2.3321	2.3717	2.4323	2.4205	2.4616	2.4336	2.4112	2.442	2.3974	2.3566			
		0.0475	2.3523	2.469	2.4439	2.4872	2.4549	2.485	2.4739	2.4524	2.4717	2.4217			
		0.0446	2.3654	2.4205	2.4471	2.4186	2.3118	2.3732	2.3729	2.3988	2.3813	2.3022			
															
		
~End
Plate:	HCT116 herceptin/nothing	1.3	PlateFormat	Endpoint	Absorbance	Raw	FALSE	1						1	570	1	11	96	2	3	None	
	Temperature(¡C)	1	2	3	4	5	6	7	8	9	10	11	12		
	25.90														
		0.0439	2.6062	2.6381	2.6211	2.624	2.6296	2.6326	2.6258	2.6131	2.6129	2.592			
		0.0448	2.6403	2.6365	2.646	2.6521	2.6418	2.6742	2.6353	2.6438	2.6097	2.6426			
		0.0466	2.6252	2.6283	2.6294	2.6394	2.6337	2.6308	2.6133	2.6112	2.6217	2.5987			
		0.0445	2.3321	2.3717	2.4323	2.4205	2.4616	2.4336	2.4112	2.442	2.3974	2.3566			
		0.0475	2.3523	2.469	2.4439	2.4872	2.4549	2.485	2.4739	2.4524	2.4717	2.4217			
		0.0446	2.3654	2.4205	2.4471	2.4186	2.3118	2.3732	2.3729	2.3988	2.3813	2.3022			
															
		
~End
Plate:	SW527 herceptin/nothing	1.3	PlateFormat	Endpoint	Absorbance	Raw	FALSE	1						1	570	1	11	96	2	3	None	
	Temperature(¡C)	1	2	3	4	5	6	7	8	9	10	11	12		
	25.90														
		0.0469	2.4137	2.5524	2.4112	2.3061	2.5037	2.351	2.4863	2.1157	2.5272	2.3197			
		0.0463	2.5802	2.4962	2.4928	2.4894	2.2912	2.1793	2.3799	2.3044	2.4538	2.4281			
		0.0465	2.4584	2.4	2.4708	2.5309	2.154	2.4025	2.4431	2.377	2.4697	2.4146			
		0.0445	2.3321	2.3717	2.4323	2.4205	2.4616	2.4336	2.4112	2.442	2.3974	2.3566			
		0.0475	2.3523	2.469	2.4439	2.4872	2.4549	2.485	2.4739	2.4524	2.4717	2.4217			
		0.0446	2.3654	2.4205	2.4471	2.4186	2.3118	2.3732	2.3729	2.3988	2.3813	2.3022			
															
		
~End
Plate:	MFM223 herceptin/nothing	1.3	PlateFormat	Endpoint	Absorbance	Raw	FALSE	1						1	570	1	11	96	2	3	None	
	Temperature(¡C)	1	2	3	4	5	6	7	8	9	10	11	12		
	25.90														
		0.0463	0.9765	1.0896	1.2048	1.1078	1.1915	1.1871	1.0994	1.1145	1.0886	1.0001			
		0.0421	1.1813	1.313	1.1913	1.1792	1.2898	1.174	1.1866	1.206	1.1187	1.082			
		0.0466	1.0627	1.166	1.0896	1.1104	1.0645	1.1343	1.0341	1.1255	1.0172	0.8414			
		0.0445	2.3321	2.3717	2.4323	2.4205	2.4616	2.4336	2.4112	2.442	2.3974	2.3566			
		0.0475	2.3523	2.469	2.4439	2.4872	2.4549	2.485	2.4739	2.4524	2.4717	2.4217			
		0.0446	2.3654	2.4205	2.4471	2.4186	2.3118	2.3732	2.3729	2.3988	2.3813	2.3022			
															
		
~End
Plate:	CAL51 herceptin/nothing	1.3	PlateFormat	Endpoint	Absorbance	Raw	FALSE	1						1	570	1	11	96	2	3	None	
	Temperature(¡C)	1	2	3	4	5	6	7	8	9	10	11	12		
	25.90														
		0.0439	2.1471	2.3988	2.1643	2.388	2.195	2.4232	2.3782	2.2838	2.3349	2.2306			
		0.0476	2.3184	2.1482	2.4113	2.4547	2.3694	2.4098	2.4082	2.3775	2.279	2.25			
		0.0453	2.1825	2.2489	2.0505	2.2081	2.2684	2.2903	2.283	2.3438	2.4067	2.2143			
		0.0445	2.3321	2.3717	2.4323	2.4205	2.4616	2.4336	2.4112	2.442	2.3974	2.3566			
		0.0475	2.3523	2.469	2.4439	2.4872	2.4549	2.485	2.4739	2.4524	2.4717	2.4217			
		0.0446	2.3654	2.4205	2.4471	2.4186	2.3118	2.3732	2.3729	2.3988	2.3813	2.3022			
															
		
~End
Plate:	MDA231 herceptin/nothing	1.3	PlateFormat	Endpoint	Absorbance	Raw	FALSE	1						1	570	1	11	96	2	3	None	
	Temperature(¡C)	1	2	3	4	5	6	7	8	9	10	11	12		
	25.90														
		0.0467	1.6798	2.0626	1.9561	2.009	1.9485	2.0856	1.9461	1.8063	1.996	1.746			
		0.0464	2.0475	2.1526	1.934	1.9467	1.981	1.9635	1.8773	1.9949	1.7671	1.8578			
		0.0515	1.8019	1.8793	1.8195	1.8521	1.7735	1.9593	1.6894	1.8724	1.9003	1.6525			
		0.0445	2.3321	2.3717	2.4323	2.4205	2.4616	2.4336	2.4112	2.442	2.3974	2.3566			
		0.0475	2.3523	2.469	2.4439	2.4872	2.4549	2.485	2.4739	2.4524	2.4717	2.4217			
		0.0446	2.3654	2.4205	2.4471	2.4186	2.3118	2.3732	2.3729	2.3988	2.3813	2.3022			
															
		
~End
Plate:	OCUB1 herceptin/nothing	1.3	PlateFormat	Endpoint	Absorbance	Raw	FALSE	1						1	570	1	11	96	2	3	None	
	Temperature(¡C)	1	2	3	4	5	6	7	8	9	10	11	12		
	25.90														
		0.0437	1.0993	1.6444	1.7678	1.7583	1.7623	1.6977	1.6616	1.6672	1.6699	1.4799			
		0.0448	1.6005	1.8401	1.7087	1.8305	1.6777	1.6816	1.7705	1.7644	1.701	1.7213			
		0.0456	1.3134	1.7094	1.5525	1.6203	1.5652	1.6146	1.6546	1.709	1.6917	1.5962			
		0.0445	2.3321	2.3717	2.4323	2.4205	2.4616	2.4336	2.4112	2.442	2.3974	2.3566			
		0.0475	2.3523	2.469	2.4439	2.4872	2.4549	2.485	2.4739	2.4524	2.4717	2.4217			
		0.0446	2.3654	2.4205	2.4471	2.4186	2.3118	2.3732	2.3729	2.3988	2.3813	2.3022			
															
		
~End
Plate:	AU655 herceptin/nothing	1.3	PlateFormat	Endpoint	Absorbance	Raw	FALSE	1						1	570	1	11	96	2	3	None	
	Temperature(¡C)	1	2	3	4	5	6	7	8	9	10	11	12		
	25.90														
		0.0456	0.8691	0.9738	1.0653	0.9302	1.0522	1.0428	1	0.9891	0.9638	1.3937			
		0.0467	0.9725	1.3121	1.1591	1.1826	1.0562	1.1162	1.0875	1.134	1.0724	1.7001			
		0.044	0.8365	1.1973	1.027	1.0255	0.982	1.0224	1.0158	0.9312	0.9947	1.3176			
		0.0445	2.3321	2.3717	2.4323	2.4205	2.4616	2.4336	2.4112	2.442	2.3974	2.3566			
		0.0475	2.3523	2.469	2.4439	2.4872	2.4549	2.485	2.4739	2.4524	2.4717	2.4217			
		0.0446	2.3654	2.4205	2.4471	2.4186	2.3118	2.3732	2.3729	2.3988	2.3813	2.3022			
															
		
~End
Plate:	KPL1 herceptin/nothing	1.3	PlateFormat	Endpoint	Absorbance	Raw	FALSE	1						1	570	1	11	96	2	3	None	
	Temperature(¡C)	1	2	3	4	5	6	7	8	9	10	11	12		
	25.90														
		0.0455	2.4035	2.3613	2.4942	2.3629	2.4965	2.3476	2.4023	2.4081	2.4448	2.3327			
		0.045	2.4773	2.4678	2.4591	2.4748	2.4821	2.4695	2.4887	2.5142	2.4278	2.3876			
		0.044	2.4669	2.4107	2.3769	2.4537	2.4155	2.4033	2.3888	2.4115	2.3918	2.3437			
		0.0445	2.3321	2.3717	2.4323	2.4205	2.4616	2.4336	2.4112	2.442	2.3974	2.3566			
		0.0475	2.3523	2.469	2.4439	2.4872	2.4549	2.485	2.4739	2.4524	2.4717	2.4217			
		0.0446	2.3654	2.4205	2.4471	2.4186	2.3118	2.3732	2.3729	2.3988	2.3813	2.3022			
															
		
~End
Plate:	HCC1419 herceptin/nothing	1.3	PlateFormat	Endpoint	Absorbance	Raw	FALSE	1						1	570	1	11	96	2	3	None	
	Temperature(¡C)	1	2	3	4	5	6	7	8	9	10	11	12		
	25.90														
		0.0461	1.2328	1.5195	1.4227	1.4742	1.409	1.3963	1.2516	1.2943	1.1571	1.4013			
		0.0489	1.7186	1.8243	1.7051	1.9152	1.7999	1.76	1.607	1.4827	1.5439	1.5962			
		0.0455	1.6134	1.6747	1.7156	1.6533	1.6733	1.6396	1.62	1.4691	1.4942	1.6095			
		0.0445	2.3321	2.3717	2.4323	2.4205	2.4616	2.4336	2.4112	2.442	2.3974	2.3566			
		0.0475	2.3523	2.469	2.4439	2.4872	2.4549	2.485	2.4739	2.4524	2.4717	2.4217			
		0.0446	2.3654	2.4205	2.4471	2.4186	2.3118	2.3732	2.3729	2.3988	2.3813	2.3022			
															
		
~End
Plate:	LY2 herceptin/nothing	1.3	PlateFormat	Endpoint	Absorbance	Raw	FALSE	1						1	570	1	11	96	2	3	None	
	Temperature(¡C)	1	2	3	4	5	6	7	8	9	10	11	12		
	25.90														
		0.0448	1.398	1.4957	1.5105	1.3866	1.846	1.5005	1.4596	1.333	1.3883	1.4488			
		0.0432	1.6139	1.6149	1.6784	1.5952	1.7628	1.7379	1.5917	1.3053	1.2382	1.5909			
		0.0467	1.2864	1.4267	1.629	1.3873	1.6692	1.4955	1.5403	1.2743	1.1971	1.5477			
		0.0445	2.3321	2.3717	2.4323	2.4205	2.4616	2.4336	2.4112	2.442	2.3974	2.3566			
		0.0475	2.3523	2.469	2.4439	2.4872	2.4549	2.485	2.4739	2.4524	2.4717	2.4217			
		0.0446	2.3654	2.4205	2.4471	2.4186	2.3118	2.3732	2.3729	2.3988	2.3813	2.3022			
															
		
~End
Plate:	HCC1428 herceptin/nothing	1.3	PlateFormat	Endpoint	Absorbance	Raw	FALSE	1						1	570	1	11	96	2	3	None	
	Temperature(¡C)	1	2	3	4	5	6	7	8	9	10	11	12		
	25.90														
		0.0438	0.8548	0.865	0.7963	0.8114	0.9375	0.8214	0.8424	0.8678	0.8446	0.8798			
		0.0456	0.9256	1.012	1.0534	1.0694	1.0275	1.0861	1.1078	0.9914	0.9853	0.9165			
		0.0467	0.8188	0.926	0.9348	0.9554	0.8744	0.8872	0.8805	0.9072	0.8867	0.8052			
		0.0445	2.3321	2.3717	2.4323	2.4205	2.4616	2.4336	2.4112	2.442	2.3974	2.3566			
		0.0475	2.3523	2.469	2.4439	2.4872	2.4549	2.485	2.4739	2.4524	2.4717	2.4217			
		0.0446	2.3654	2.4205	2.4471	2.4186	2.3118	2.3732	2.3729	2.3988	2.3813	2.3022			
															
		
~End
Plate:	MPE600 herceptin/nothing	1.3	PlateFormat	Endpoint	Absorbance	Raw	FALSE	1						1	570	1	11	96	2	3	None	
	Temperature(¡C)	1	2	3	4	5	6	7	8	9	10	11	12		
	25.90														
		0.0473	2.3946	2.4361	2.3954	2.4512	2.3032	2.3264	2.1837	2.22	2.471	2.2727			
		0.0476	2.3712	2.3482	2.3862	2.5013	2.1984	2.2351	2.2998	2.3862	2.3801	2.3139			
		0.0487	2.2869	2.208	2.3635	2.3325	2.2723	2.2733	2.2468	2.2855	2.3147	2.02			
		0.0445	2.3321	2.3717	2.4323	2.4205	2.4616	2.4336	2.4112	2.442	2.3974	2.3566			
		0.0475	2.3523	2.469	2.4439	2.4872	2.4549	2.485	2.4739	2.4524	2.4717	2.4217			
		0.0446	2.3654	2.4205	2.4471	2.4186	2.3118	2.3732	2.3729	2.3988	2.3813	2.3022			
															
		
~End
Instrument type: Instrument serial number:
