##BLOCKS= 11         
Note:~End
Plate:	ZR751 herceptin/nothing	1.3	PlateFormat	Endpoint	Absorbance	Raw	FALSE	1						1	570	1	11	96	2	6	None	
	Temperature(¡C)	1	2	3	4	5	6	7	8	9	10	11	12		
	26.40														
		0.0449	2.3599	2.3393	2.3836	2.357	2.4043	2.39	2.3616	2.3555	2.3722	2.3888			
		0.0454	2.3601	2.3693	2.4371	2.4446	2.4924	2.4314	2.4381	2.3647	2.3699	2.36			
		0.045	2.3591	2.372	2.4617	2.3461	2.4517	2.4495	2.3876	2.392	2.3488	2.3644			
		0.0455	0.3846	0.236	0.4028	1.1224	1.6958	2.1981	2.2716	2.3523	2.3063	2.3168			
		0.0485	0.3989	0.2441	0.1555	0.9054	1.4589	2.0494	2.2712	2.3142	2.3366	2.3394			
		0.0451	0.3998	0.2414	0.1538	0.8805	1.3838	2.0057	2.235	2.3111	2.3412	2.3499			
															
		
~End
Plate:	MDA134 herceptin/nothing	1.3	PlateFormat	Endpoint	Absorbance	Raw	FALSE	1						1	570	1	11	96	2	6	None	
	Temperature(¡C)	1	2	3	4	5	6	7	8	9	10	11	12		
	26.50														
		0.0447	1.3182	1.2717	1.2909	1.2398	1.2488	1.2755	1.2118	1.2048	1.1625	1.1322			
		0.0453	1.2345	1.322	1.2663	1.3127	1.3023	1.2439	1.2747	1.2496	1.2187	1.1401			
		0.0449	1.3081	1.3291	1.3686	1.3062	1.303	1.3065	1.233	1.2345	1.2511	1.213			
		0.0449	0.4498	0.37	0.3583	0.951	1.1132	1.2702	1.2725	1.2604	1.2356	1.1568			
		0.0456	0.447	0.3613	0.3418	0.9043	1.0779	1.2574	1.264	1.2821	1.244	1.1776			
		0.0454	0.4691	0.3636	0.3417	0.9237	1.0713	1.2432	1.1932	1.2223	1.1507	1.1225			
															
		
~End
Plate:	HCC1937 herceptin/nothing	1.3	PlateFormat	Endpoint	Absorbance	Raw	FALSE	1						1	570	1	11	96	2	6	None	
	Temperature(¡C)	1	2	3	4	5	6	7	8	9	10	11	12		
	26.50														
		0.0452	1.3775	1.4312	1.4298	1.4309	1.4304	1.4553	1.3784	1.3563	1.3621	1.289			
		0.0455	1.4575	1.4588	1.4864	1.4474	1.4647	1.5038	1.476	1.4392	1.4087	1.394			
		0.0466	1.3999	1.4693	1.5461	1.5768	1.4416	1.4294	1.407	1.4058	1.3853	1.3208			
		0.0488	0.2374	0.1788	0.1398	0.11	0.4461	0.9333	1.1118	1.3873	1.344	1.2842			
		0.0447	0.2302	0.1808	0.117	0.1163	0.4993	0.8821	1.2043	1.3372	1.3608	1.4059			
		0.0455	0.2261	0.19	0.1199	0.1238	0.4851	0.8903	1.0795	1.2901	1.3922	1.3269			
															
		
~End
Plate:	HCC202 herceptin/nothing	1.3	PlateFormat	Endpoint	Absorbance	Raw	FALSE	1						1	570	1	11	96	2	6	None	
	Temperature(¡C)	1	2	3	4	5	6	7	8	9	10	11	12		
	26.50														
		0.0452	0.6379	0.6253	0.6361	0.5416	0.744	0.5901	0.7138	0.7154	0.6182	1.0398			
		0.0461	0.7096	0.7521	0.6888	0.7189	0.7682	0.6675	0.7342	0.7233	0.7236	0.6799			
		0.0455	0.618	0.7715	0.8108	0.7643	0.7028	0.8065	0.7496	0.6527	0.7874	0.8529			
		0.0474	0.2981	0.2117	0.1582	0.3312	0.7944	1.025	1.0803	1.1002	1.1763	1.1025			
		0.0454	0.2915	0.2116	0.1516	0.3475	0.7688	1.0122	1.1339	1.1874	1.2408	1.0994			
		0.0641	0.2751	0.221	0.1461	0.3359	0.7002	1.0018	1.0835	1.1964	1.2635	1.2355			
															
		
~End
Plate:	EFM19 herceptin/nothing	1.3	PlateFormat	Endpoint	Absorbance	Raw	FALSE	1						1	570	1	11	96	2	6	None	
	Temperature(¡C)	1	2	3	4	5	6	7	8	9	10	11	12		
	26.50														
		0.0446	1.9434	1.9452	1.9339	1.9461	1.9002	1.9097	1.8947	2.003	1.859	1.8691			
		0.0445	2.1315	2.026	2.0469	2.0353	2.0622	1.9572	1.9236	1.977	2.0134	1.9777			
		0.0456	2.0354	2.1039	2.1313	2.1408	2.0865	2.044	2.0234	2.1318	2.1077	2.11			
		0.0454	0.4429	0.243	0.2013	0.9067	0.9867	1.2494	1.7585	1.8305	1.991	1.9093			
		0.0467	0.456	0.2402	0.2212	0.8601	0.9712	1.5644	1.91	2.0396	2.0837	2.0513			
		0.0449	0.452	0.2703	0.2324	0.884	0.9847	1.6211	1.8806	2.0456	2.1124	2.0042			
															
		
~End
Plate:	SKBR3 herceptin/nothing	1.3	PlateFormat	Endpoint	Absorbance	Raw	FALSE	1						1	570	1	11	96	2	6	None	
	Temperature(¡C)	1	2	3	4	5	6	7	8	9	10	11	12		
	26.50														
		0.0454	0.8181	0.7471	0.6996	0.7078	0.7243	0.6527	0.6447	0.6372	0.6338	1.2721			
		0.0448	0.7934	0.8508	0.794	0.7615	0.7388	0.7169	0.688	0.6618	0.6922	1.4477			
		0.046	0.7685	0.8313	0.7843	0.7369	0.7468	0.6926	0.706	0.728	0.6912	1.5267			
		0.0454	0.3281	0.2713	0.1595	0.1113	0.1935	0.4619	0.9649	1.3957	1.3461	1.3233			
		0.0468	0.3357	0.2728	0.149	0.1172	0.1674	0.4011	0.9902	1.3141	1.4557	1.4072			
		0.0447	0.3404	0.2297	0.1193	0.1095	0.2077	0.5245	1.1261	1.3235	1.3048	1.3583			
															
		
~End
Plate:	UACC812 herceptin/nothing	1.3	PlateFormat	Endpoint	Absorbance	Raw	FALSE	1						1	570	1	11	96	2	6	None	
	Temperature(¡C)	1	2	3	4	5	6	7	8	9	10	11	12		
	26.50														
		0.0454	1.3053	1.3775	1.4274	1.3657	1.4208	1.478	1.5629	1.4654	1.444	2.1114			
		0.0446	1.4208	1.4713	1.4351	1.4575	1.5037	1.4959	1.5304	1.5807	1.7865	2.2487			
		0.0446	1.4348	1.4345	1.3982	1.4395	1.4911	1.5331	1.5726	1.6523	1.7149	2.2637			
		0.0458	0.4694	0.1524	0.101	0.0959	0.3572	0.5109	1.2973	2.1577	2.2768	2.3662			
		0.0452	0.4142	0.1699	0.1025	0.0952	0.3762	0.5509	1.4031	2.2516	2.3089	2.383			
		0.0456	0.4513	0.1875	0.1131	0.0968	0.3328	0.5414	1.2631	2.1604	2.3527	2.3806			
															
		
~End
Plate:	HCC3153 herceptin/nothing	1.3	PlateFormat	Endpoint	Absorbance	Raw	FALSE	1						1	570	1	11	96	2	6	None	
	Temperature(¡C)	1	2	3	4	5	6	7	8	9	10	11	12		
	26.50														
		0.0451	1.0967	1.1453	1.1341	1.0571	0.9964	1.0855	1.079	1.0615	0.9615	0.9677			
		0.0444	1.2659	1.1978	1.1892	1.2053	1.0307	1.0901	1.2317	1.1769	1.0482	1.0598			
		0.0452	1.2135	1.0699	1.0011	1.0308	1.1764	1.2101	1.1479	0.9425	1.0642	1.0047			
		0.0466	0.1832	0.1497	0.0967	0.1399	0.4526	0.6957	1.0214	0.9894	0.9817	1.0812			
		0.0441	0.1837	0.1587	0.1053	0.1316	0.4462	0.831	0.9604	1.1623	1.1114	1.095			
		0.0446	0.1709	0.1521	0.0989	0.1199	0.3997	0.6456	0.8081	0.8474	0.8731	0.8811			
															
		
~End
Plate:	HCC1395 herceptin/nothing	1.3	PlateFormat	Endpoint	Absorbance	Raw	FALSE	1						1	570	1	11	96	2	6	None	
	Temperature(¡C)	1	2	3	4	5	6	7	8	9	10	11	12		
	26.50														
		0.0444	0.9121	0.9144	0.8555	0.8467	0.8522	0.9003	0.8708	0.8153	0.7746	0.7013			
		0.0448	0.9629	0.9742	1.0013	0.9601	0.9091	0.8775	0.9361	0.8894	0.8507	0.8304			
		0.0443	1.0457	1.033	0.9684	0.9815	1.0104	0.9944	0.8406	0.9723	0.8952	0.8732			
		0.0443	0.1847	0.1027	0.0887	0.0925	0.1818	0.3475	0.4296	0.6149	0.716	0.7285			
		0.0453	0.1854	0.1176	0.087	0.0927	0.2369	0.3506	0.4741	0.7191	0.7868	0.8311			
		0.0448	0.1658	0.1005	0.0794	0.0891	0.2587	0.3835	0.4703	0.6746	0.7025	0.751			
															
		
~End
Plate:	MX1 herceptin/nothing	1.3	PlateFormat	Endpoint	Absorbance	Raw	FALSE	1						1	570	1	11	96	2	6	None	
	Temperature(¡C)	1	2	3	4	5	6	7	8	9	10	11	12		
	26.50														
		0.0451	1.0119	0.9416	0.9552	0.9493	0.9897	0.9978	0.9557	0.8967	0.8309	0.8832			
		0.0451	0.9908	1.1053	0.9767	0.9477	1.0243	0.9296	0.9466	0.9234	0.9123	0.9487			
		0.045	1.0575	0.9733	1.0015	0.9545	0.9715	0.9778	0.9119	0.9107	0.8969	0.9754			
		0.0457	0.2294	0.1739	0.1225	0.114	0.5475	0.8023	0.8465	0.8943	0.826	0.8989			
		0.0453	0.2309	0.1802	0.1366	0.1194	0.5455	0.7481	0.8535	0.9194	0.911	0.9183			
		0.045	0.2376	0.1951	0.1439	0.1157	0.5749	0.8014	0.8643	0.9061	0.8548	0.9487			
															
		
~End
Instrument type: Instrument serial number:
