##BLOCKS= 9          
Note:~End
Plate:	BT549 herceptin/nothing	1.3	PlateFormat	Endpoint	Absorbance	Raw	FALSE	1						1	570	1	11	96	2	6	None	
	Temperature(¡C)	1	2	3	4	5	6	7	8	9	10	11	12		
	25.90														
		0.0486	1.0257	1.0147	0.9167	0.9997	1.0046	1.0993	1.1326	1.1911	1.2597	1.3029			
		0.049	1.2369	1.347	1.3066	1.3394	1.2976	1.5356	1.473	1.5096	1.5249	1.2593			
		0.0484	1.1902	1.406	1.4559	1.4527	1.465	1.5327	1.4953	1.5487	1.4452	1.1079			
		0.0512	0.0787	0.081	0.1033	0.1547	0.1785	0.2823	1.0459	1.3676	1.3796	1.2925			
		0.0535	0.0787	0.0784	0.0957	0.1396	0.1882	0.2843	0.9939	1.2914	1.2876	1.3538			
		0.0495	0.0751	0.0762	0.0922	0.1419	0.1797	0.2331	0.8647	1.13	1.218	1.2711			
															
		
~End
Plate:	MCF7 herceptin/nothing	1.3	PlateFormat	Endpoint	Absorbance	Raw	FALSE	1						1	570	1	11	96	2	6	None	
	Temperature(¡C)	1	2	3	4	5	6	7	8	9	10	11	12		
	26.00														
		0.0452	0.6709	0.7187	0.7385	0.7486	0.7877	0.9132	0.7801	0.7339	0.8079	0.8099			
		0.0473	0.7696	0.9315	0.8531	0.8331	0.8787	0.9623	0.8858	0.9344	0.8974	0.7502			
		0.049	0.957	0.838	0.7963	0.8433	0.9135	0.9469	0.9435	0.8808	0.8987	0.8304			
		0.0442	0.0783	0.0822	0.1097	0.2098	0.2969	0.5045	0.8771	0.9362	0.9804	0.7445			
		0.0468	0.0808	0.0802	0.1007	0.2159	0.3404	0.5779	0.8134	0.9103	1.0237	0.7118			
		0.0461	0.0832	0.0812	0.0903	0.2241	0.2588	0.399	0.6495	0.7787	0.7559	0.7191			
															
		
~End
Plate:	HCC1806 herceptin/nothing	1.3	PlateFormat	Endpoint	Absorbance	Raw	FALSE	1						1	570	1	11	96	2	6	None	
	Temperature(¡C)	1	2	3	4	5	6	7	8	9	10	11	12		
	26.00														
		0.0482	0.6454	0.8075	0.804	0.7201	0.7934	0.7746	0.7919	0.6218	0.7917	0.6377			
		0.0474	0.7718	0.9759	0.7832	0.8518	0.9233	0.8421	0.8615	0.8636	0.7908	0.6217			
		0.0486	0.7983	0.8465	0.822	0.6747	0.8223	0.8051	0.8145	0.885	0.7535	0.6419			
		0.0507	0.1177	0.0864	0.0923	0.1336	0.1367	0.2743	0.6354	0.7544	0.7622	0.7522			
		0.0499	0.0828	0.0785	0.0804	0.1253	0.1336	0.2166	0.5929	0.6502	0.685	0.591			
		0.0455	0.0802	0.0835	0.0845	0.1276	0.1645	0.2109	0.4861	0.6188	0.6336	0.6721			
															
		
~End
Plate:	SUM159 herceptin/nothing	1.3	PlateFormat	Endpoint	Absorbance	Raw	FALSE	1						1	570	1	11	96	2	6	None	
	Temperature(¡C)	1	2	3	4	5	6	7	8	9	10	11	12		
	26.00														
		0.0466	2.4035	2.4721	2.4507	2.412	2.4359	2.422	2.3961	2.3587	2.3244	2.2848			
		0.0449	2.4475	2.4477	2.4545	2.4304	2.4168	2.4308	2.4346	2.3686	2.3616	2.2698			
		0.0437	2.4235	2.4652	2.4313	2.4445	2.3343	2.4084	2.3821	2.3709	2.3205	2.3437			
		0.05	0.0801	0.0778	0.0896	0.0889	0.1252	1.7089	2.2596	2.3349	2.2658	2.2846			
		0.0442	0.0724	0.0743	0.08	0.0891	0.1069	1.0666	2.3104	2.3363	2.3393	2.2732			
		0.0467	0.0742	0.0762	0.0801	0.0902	0.109	1.0968	2.2491	2.2266	2.2991	2.2716			
															
		
~End
Plate:	SUM149 herceptin/nothing	1.3	PlateFormat	Endpoint	Absorbance	Raw	FALSE	1						1	570	1	11	96	2	6	None	
	Temperature(¡C)	1	2	3	4	5	6	7	8	9	10	11	12		
	26.00														
		0.0452	1.6148	1.6732	1.7806	1.8676	1.3257	1.8143	1.5574	1.7425	1.0909	1.2903			
		0.0433	1.4539	1.7926	1.682	1.4117	1.5047	1.7741	1.5547	1.5496	1.7404	1.7811			
		0.0431	1.693	1.7146	1.7208	1.4516	1.662	1.6566	1.1581	1.1358	1.6592	1.6272			
		0.0426	0.073	0.0794	0.0853	0.2	0.2817	0.2454	0.7845	0.7872	1.6405	1.5716			
		0.0442	0.0701	0.0715	0.0806	0.2119	0.2941	0.2527	0.4077	1.314	0.8064	1.5842			
		0.047	0.0756	0.0723	0.0779	0.2068	0.2791	0.2274	0.4395	1.2391	0.9619	1.3088			
															
		
~End
Plate:	HCC1954 herceptin/nothing	1.3	PlateFormat	Endpoint	Absorbance	Raw	FALSE	1						1	570	1	11	96	2	6	None	
	Temperature(¡C)	1	2	3	4	5	6	7	8	9	10	11	12		
	26.00														
		0.0502	1.2553	1.0646	1.2133	1.096	1.2201	1.2508	1.2654	1.1977	1.2225	1.1826			
		0.0497	1.1733	1.3792	1.2825	1.1875	1.2895	1.2745	1.3015	1.2862	1.2277	1.2678			
		0.0493	1.2721	1.2609	1.1817	1.1535	1.1975	1.2241	1.2129	1.2402	1.2014	1.151			
		0.0494	0.0895	0.0988	0.0961	0.1375	0.264	0.2344	0.6356	1.1123	1.1867	1.2798			
		0.0477	0.0927	0.094	0.0993	0.1578	0.2808	0.2211	0.775	1.1866	1.3756	1.3921			
		0.0452	0.0893	0.0926	0.0969	0.1501	0.2416	0.2407	0.6705	1.0708	1.2485	1.2056			
															
		
~End
Plate:	SKBR7 herceptin/nothing	1.3	PlateFormat	Endpoint	Absorbance	Raw	FALSE	1						1	570	1	11	96	2	6	None	
	Temperature(¡C)	1	2	3	4	5	6	7	8	9	10	11	12		
	26.00														
		0.045	1.2805	1.5677	1.4521	1.4578	1.547	1.5164	1.4169	1.396	1.4252	1.2419			
		0.0467	1.5368	1.6947	1.545	1.6142	1.6564	1.5933	1.6703	1.4189	1.4378	1.3676			
		0.0475	1.574	1.6296	1.5885	1.5072	1.6166	1.59	1.5026	1.4012	1.492	1.4231			
		0.0443	0.1034	0.0918	0.151	0.4355	0.6165	0.7668	0.9964	1.3107	1.3638	1.4015			
		0.0424	0.0947	0.088	0.1668	0.4684	0.661	0.8266	1.0471	1.293	1.4658	1.3556			
		0.0434	0.1004	0.0972	0.1595	0.3639	0.496	0.5445	0.7971	1.1267	1.3096	1.2778			
															
		
~End
Plate:	HCC70 herceptin/nothing	1.3	PlateFormat	Endpoint	Absorbance	Raw	FALSE	1						1	570	1	11	96	2	6	None	
	Temperature(¡C)	1	2	3	4	5	6	7	8	9	10	11	12		
	26.00														
		0.0494	2.3405	2.4225	2.447	2.4077	2.4299	2.4159	2.423	2.3706	2.3328	2.3141			
		0.0483	2.4142	2.586	2.4381	2.4442	2.4798	2.4637	2.4307	2.4328	2.3988	2.3575			
		0.048	2.3494	2.4174	2.3999	2.368	2.4291	2.4158	2.3726	2.3339	2.3416	2.2835			
		0.0485	0.091	0.1137	0.9062	1.5664	1.3223	2.0262	2.3933	2.3713	2.4175	2.3272			
		0.0451	0.1009	0.1091	0.8886	1.6601	1.3178	2.1093	2.4046	2.4566	2.3859	2.339			
		0.0453	0.1022	0.1149	0.7935	1.6042	1.2223	2.0411	2.3611	2.3969	2.3415	2.3003			
															
		
~End
Instrument type: Instrument serial number:
