##BLOCKS= 9          
Note:~End
Plate:	HCC1806 paclitaxel/lapatinib	1.3	PlateFormat	Endpoint	Absorbance	Raw	FALSE	1						1	570	1	11	96	2	6	None	
	Temperature(¡C)	1	2	3	4	5	6	7	8	9	10	11	12		
	26.10														
		0.0458	0.0914	0.1134	0.5088	0.744	0.7602	0.6519	0.7652	0.6058	0.667	0.6288			
		0.0443	0.1092	0.1058	0.5234	0.7234	0.7654	0.7228	0.6743	0.7287	0.6819	0.6165			
		0.0431	0.1017	0.1148	0.5062	0.7184	0.8829	0.8647	0.6539	0.8547	0.7553	0.7009			
		0.0446	0.1036	0.1186	0.2164	0.2276	0.3002	0.2536	0.4141	0.2971	0.2286	0.2286			
		0.0457	0.1167	0.1001	0.2146	0.1996	0.2348	0.1958	0.2567	0.1952	0.2185	0.3139			
		0.0464	0.0942	0.0969	0.2101	0.2066	0.1964	0.1884	0.1812	0.2081	0.2326	0.2117			
															
		
~End
Plate:	SUM159 paclitaxel/lapatinib	1.3	PlateFormat	Endpoint	Absorbance	Raw	FALSE	1						1	570	1	11	96	2	6	None	
	Temperature(¡C)	1	2	3	4	5	6	7	8	9	10	11	12		
	26.10														
		0.0448	0.2224	2.0083	2.2978	2.2932	2.3115	2.3226	2.2917	2.2404	2.238	2.2138			
		0.0452	0.2235	2.0907	2.2673	2.3332	2.3187	2.3716	2.3699	2.2555	2.2402	2.273			
		0.0449	0.225	2.1936	2.3274	2.364	2.2959	2.3293	2.3133	2.3337	2.2817	2.2257			
		0.0449	0.1147	0.128	0.6827	1.389	1.5077	1.705	1.6677	1.7616	1.6094	2.0156			
		0.0443	0.1109	0.1039	0.6	1.504	1.5524	1.4924	2.0139	1.612	2.0413	2.3726			
		0.0446	0.0935	0.1188	0.5757	1.2788	1.4186	1.2958	1.6739	1.4224	1.6028	1.4459			
															
		
~End
Plate:	HCC70 paclitaxel/lapatinib	1.3	PlateFormat	Endpoint	Absorbance	Raw	FALSE	1						1	570	1	11	96	2	6	None	
	Temperature(¡C)	1	2	3	4	5	6	7	8	9	10	11	12		
	26.10														
		0.045	0.5538	1.6516	2.3084	2.3417	2.3605	2.3633	2.3755	2.3413	2.3854	2.2999			
		0.0445	0.6733	1.6006	2.3154	2.3489	2.3544	2.4348	2.4171	2.3883	2.3497	2.3072			
		0.0455	0.465	1.5626	2.2769	2.2751	2.3573	2.315	2.3295	2.3516	2.3412	2.3046			
		0.0481	0.1243	0.1227	1.0408	1.6586	1.8104	1.9669	1.9479	2.0497	2.0519	2.1024			
		0.0444	0.1175	0.124	1.0518	1.7602	1.8841	1.9635	2.0356	1.9507	2.1821	2.1086			
		0.045	0.1085	0.1146	1.051	1.645	1.8171	1.8934	1.9292	1.942	1.9429	2.0254			
															
		
~End
Plate:	SUM149 paclitaxel/lapatinib	1.3	PlateFormat	Endpoint	Absorbance	Raw	FALSE	1						1	570	1	11	96	2	6	None	
	Temperature(¡C)	1	2	3	4	5	6	7	8	9	10	11	12		
	26.20														
		0.0445	0.1041	0.1993	1.4314	1.6286	1.5204	1.6741	1.5528	1.1234	1.6519	1.3865			
		0.0442	0.1109	0.2408	1.3115	1.2582	1.2662	1.8142	1.7869	1.0978	1.3318	1.4438			
		0.0446	0.1214	0.2504	1.5562	1.6146	1.228	1.3184	1.1882	1.6428	1.2612	1.0894			
		0.0444	0.1033	0.1155	0.2367	0.3072	0.3253	0.4139	0.5259	0.6936	0.4729	0.7151			
		0.0447	0.1033	0.1017	0.2048	0.2949	0.2737	0.3059	0.5864	0.4735	0.575	1.0072			
		0.045	0.102	0.1065	0.2132	0.2463	0.2696	0.3548	0.5535	0.4189	0.7312	0.8587			
															
		
~End
Plate:	HCC1954 paclitaxel/lapatinib	1.3	PlateFormat	Endpoint	Absorbance	Raw	FALSE	1						1	570	1	11	96	2	6	None	
	Temperature(¡C)	1	2	3	4	5	6	7	8	9	10	11	12		
	26.20														
		0.0439	0.1197	0.2893	1.262	1.4729	1.4834	1.3764	1.5691	1.3279	1.3628	1.2214			
		0.0436	0.1186	0.2517	1.3381	1.4561	1.4864	1.28	1.5422	1.4102	1.4154	1.3492			
		0.0449	0.1278	0.2215	0.9768	1.3282	1.2182	1.3591	1.4128	1.4632	1.4071	1.2715			
		0.0483	0.1069	0.1003	0.1433	0.3554	0.4392	0.5247	0.6546	0.7978	0.8223	1.0668			
		0.0495	0.1077	0.1076	0.1507	0.3865	0.4325	0.51	0.7009	0.8069	0.8257	1.0571			
		0.0443	0.1075	0.1064	0.1371	0.3214	0.3708	0.3869	0.6136	0.6494	0.7592	0.9014			
															
		
~End
Plate:	SKBR7 paclitaxel/lapatinib	1.3	PlateFormat	Endpoint	Absorbance	Raw	FALSE	1						1	570	1	11	96	2	6	None	
	Temperature(¡C)	1	2	3	4	5	6	7	8	9	10	11	12		
	26.20														
		0.044	0.3798	0.8873	1.3795	1.6364	1.645	1.6577	1.7755	1.6298	1.593	1.4093			
		0.0437	0.3421	0.925	1.3924	1.6757	1.6074	1.5879	1.6266	1.5591	1.6763	1.5189			
		0.0439	0.3223	0.8571	1.3101	1.48	1.5077	1.3777	1.4859	1.453	1.4141	1.4636			
		0.0466	0.1416	0.1634	1.1414	1.3228	1.2347	1.3159	1.2925	1.2473	1.3013	1.6247			
		0.0473	0.1392	0.1564	1.0572	1.318	1.2918	1.3276	1.3476	1.275	1.2043	1.5838			
		0.0433	0.1477	0.1422	1.0045	1.1099	1.2309	1.1586	1.1462	1.1848	1.1982	1.281			
															
		
~End
Plate:	MCF7 paclitaxel/lapatinib	1.3	PlateFormat	Endpoint	Absorbance	Raw	FALSE	1						1	570	1	11	96	2	6	None	
	Temperature(¡C)	1	2	3	4	5	6	7	8	9	10	11	12		
	26.20														
		0.0451	0.1399	0.311	0.6858	0.9047	1.068	0.9996	1.0235	0.9741	0.9531	0.8369			
		0.0448	0.1419	0.3454	0.7502	0.9441	0.946	0.9935	0.9286	1.0428	0.9246	0.84			
		0.0445	0.1397	0.3206	0.7437	1.0166	1.0411	1.0133	1.0085	1.0326	0.9577	0.8395			
		0.0451	0.1159	0.1095	0.6492	1.2491	1.3221	1.3591	1.393	1.3901	1.4382	1.8279			
		0.0462	0.1133	0.1224	0.6648	1.3186	1.4233	1.3983	1.4188	1.2536	1.661	1.7167			
		0.045	0.1097	0.1089	0.5856	1.1895	1.2205	1.2415	1.271	1.3365	1.3157	1.5552			
															
		
~End
Plate:	BT549 paclitaxel/lapatinib	1.3	PlateFormat	Endpoint	Absorbance	Raw	FALSE	1						1	570	1	11	96	2	6	None	
	Temperature(¡C)	1	2	3	4	5	6	7	8	9	10	11	12		
	26.20														
		0.0429	0.2079	0.2872	1.5047	1.351	1.4706	1.5963	1.5639	1.4822	1.6305	1.3746			
		0.0461	0.1955	0.2959	1.4364	1.3978	1.385	1.5152	1.4531	1.4821	1.4673	1.4922			
		0.0418	0.1761	0.3314	1.4754	1.2369	1.4745	1.3895	1.4072	1.4295	1.4164	1.476			
		0.0444	0.1315	0.1437	0.3846	0.6917	0.9131	0.9335	0.8719	0.7966	1.0783	1.1018			
		0.0456	0.1397	0.1306	0.3641	0.6162	0.7711	0.8507	0.7332	0.9196	0.9472	1.0391			
		0.044	0.1555	0.1406	0.3467	0.6333	0.7117	0.7401	0.6529	0.7947	0.9056	0.9758			
															
		
~End
Instrument type: Instrument serial number:
