##BLOCKS= 28         
Note:~End
Plate:	EVSAT lapatinib/nothing	1.3	PlateFormat	Endpoint	Absorbance	Raw	FALSE	1						1	570	1	11	96	2	6	None	
	Temperature(¡C)	1	2	3	4	5	6	7	8	9	10	11	12		
	25.50														
		0.0492	0.0945	0.1302	0.9121	1.9626	2.0084	2.0522	2.1324	2.0899	2.0022	2.0385			
		0.0443	0.0979	0.1474	1.0505	1.972	2.0884	2.0659	2.0933	2.2634	2.0202	2.1576			
		0.051	0.0988	0.1684	1.2464	2.1076	2.2086	2.1112	2.0391	2.1365	2.2624	2.25			
		0.0477	0.0927	0.1221	0.2561	0.3359	0.2251	0.8697	2.2947	2.4355	2.3852	2.3367			
		0.0442	0.1017	0.0985	0.1009	0.2647	0.2626	0.6717	2.3319	2.3707	2.4066	2.3561			
		0.0459	0.1027	0.1034	0.1108	0.13	0.1733	0.9048	2.3201	2.2941	2.3156	2.2864			
															
		
~End
Plate:	CAMA1 lapatinib/nothing	1.3	PlateFormat	Endpoint	Absorbance	Raw	FALSE	1						1	570	1	11	96	2	6	None	
	Temperature(¡C)	1	2	3	4	5	6	7	8	9	10	11	12		
	25.60														
		0.0467	0.1643	1.1455	1.8224	2.0434	2.0563	2.0264	2.0552	1.9529	1.9506	1.919			
		0.0472	0.1475	1.1759	1.6479	1.9951	2.0566	2.015	1.9272	1.9931	1.9224	1.9596			
		0.0473	0.1404	1.0767	1.7793	1.9858	2.0968	2.0539	2.0605	2.0084	1.9292	2.0063			
		0.0467	0.159	0.1517	0.4013	0.5476	0.7173	0.9894	2.0429	2.1993	2.0854	1.9801			
		0.0448	0.1632	0.1506	0.3666	0.5426	0.7048	0.9239	2.0595	2.1288	2.102	1.9451			
		0.0454	0.1535	0.1637	0.3137	0.5138	0.6388	0.929	2.0287	2.0811	2.044	1.8132			
															
		
~End
Plate:	MDA231 lapatinib/nothing	1.3	PlateFormat	Endpoint	Absorbance	Raw	FALSE	1						1	570	1	11	96	2	6	None	
	Temperature(¡C)	1	2	3	4	5	6	7	8	9	10	11	12		
	25.60														
		0.0416	0.0881	0.2227	1.2598	1.287	1.331	1.3711	1.3334	1.3318	1.3191	1.2516			
		0.0429	0.1031	0.2603	1.2825	1.4591	1.4141	1.2741	1.3241	1.3788	1.4475	1.3736			
		0.0429	0.094	0.2293	1.2271	1.288	1.3072	1.385	1.462	1.3068	1.4079	1.4728			
		0.0465	0.0903	0.0908	0.124	0.3037	0.4015	1.0601	1.4227	1.6704	1.4859	1.4437			
		0.0406	0.0857	0.0884	0.1013	0.2599	0.3368	1.0403	1.3658	1.3842	1.4675	1.4853			
		0.0401	0.0906	0.0996	0.1013	0.2586	0.3371	0.8597	1.3788	1.2624	1.4944	1.4281			
															
		
~End
Plate:	BT474 lapatinib/nothing	1.3	PlateFormat	Endpoint	Absorbance	Raw	FALSE	1						1	570	1	11	96	2	6	None	
	Temperature(¡C)	1	2	3	4	5	6	7	8	9	10	11	12		
	25.60														
		0.0479	0.0996	0.1336	0.2241	0.3267	0.3031	0.3665	0.5765	0.9004	1.3233	1.5035			
		0.0465	0.1069	0.1441	0.2208	0.3111	0.3238	0.4084	0.6109	0.9556	1.232	1.5054			
		0.044	0.1002	0.1075	0.2641	0.3115	0.3548	0.4013	0.6267	0.9804	1.3762	1.4998			
		0.0432	0.1332	0.1171	0.2453	0.8667	1.2787	1.6099	1.6444	1.7348	1.701	1.6491			
		0.0447	0.1214	0.117	0.268	0.7764	1.3182	1.4187	1.7723	1.6935	1.6729	1.685			
		0.0427	0.1206	0.1256	0.2541	0.8498	1.3459	1.4461	1.7111	1.7534	1.6997	1.7435			
															
		
~End
Plate:	CAL120 lapatinib/nothing	1.3	PlateFormat	Endpoint	Absorbance	Raw	FALSE	1						1	570	1	11	96	2	6	None	
	Temperature(¡C)	1	2	3	4	5	6	7	8	9	10	11	12		
	25.60														
		0.051	0.0865	0.2565	0.9988	0.8641	1.0603	1.0064	1.0445	0.8678	0.9969	1.1307			
		0.0412	0.0913	0.2539	1.0389	0.9894	1.0845	0.8945	0.9618	0.8591	1.0977	1.0157			
		0.0459	0.1121	0.2007	1.1823	0.9435	1.0257	0.9588	1.1135	0.9393	1.1273	1.1847			
		0.0463	0.124	0.109	0.1431	0.4781	0.634	1.2053	1.322	1.3532	1.2945	1.2645			
		0.0457	0.1183	0.1123	0.1468	0.3862	0.5739	1.0935	1.4398	1.659	1.276	1.3021			
		0.0423	0.1197	0.1051	0.1328	0.3485	0.4105	0.9788	1.328	1.0834	1.3716	1.1261			
															
		
~End
Plate:	CAL148 lapatinib/nothing	1.3	PlateFormat	Endpoint	Absorbance	Raw	FALSE	1						1	570	1	11	96	2	6	None	
	Temperature(¡C)	1	2	3	4	5	6	7	8	9	10	11	12		
	25.60														
		0.046	0.0863	0.1362	0.3383	0.2695	0.4295	0.3639	0.3064	0.2528	0.3073	0.3122			
		0.0502	0.0931	0.1645	0.3939	0.3955	0.3421	0.3056	0.3135	0.3064	0.4177	0.3545			
		0.0449	0.0927	0.1711	0.5307	0.3763	0.3595	0.4578	0.3932	0.3919	0.3876	0.3791			
		0.0456	0.0977	0.0827	0.0901	0.0948	0.1191	0.1302	0.2414	0.5974	0.6532	0.5659			
		0.0483	0.0989	0.0964	0.0928	0.0912	0.1079	0.1223	0.2685	0.4489	0.6131	0.5325			
		0.0455	0.0984	0.0886	0.0927	0.0907	0.1142	0.1216	0.261	0.4373	0.5683	0.4986			
															
		
~End
Plate:	JIMT1 lapatinib/nothing	1.3	PlateFormat	Endpoint	Absorbance	Raw	FALSE	1						1	570	1	11	96	2	6	None	
	Temperature(¡C)	1	2	3	4	5	6	7	8	9	10	11	12		
	25.60														
		0.0473	0.071	0.1122	0.4886	0.6278	0.9683	1.1855	1.1481	1.0903	1.4475	1.1952			
		0.0447	0.0759	0.1269	0.5482	0.6073	0.911	1.034	1.1534	1.0038	1.052	1.0303			
		0.0457	0.08	0.1291	0.47	0.6388	0.9791	1.1124	1.1342	1.034	1.2974	1.2312			
		0.0503	0.0885	0.0778	0.1301	0.3544	0.2555	1.1655	1.2105	1.2631	1.273	1.4046			
		0.0454	0.0752	0.0876	0.1604	0.3426	0.236	1.0048	1.3605	1.4244	1.3815	1.3284			
		0.0458	0.0719	0.0762	0.1496	0.2981	0.2466	1.1762	1.442	1.2495	1.278	1.2952			
															
		
~End
Plate:	AU655 lapatinib/nothing	1.3	PlateFormat	Endpoint	Absorbance	Raw	FALSE	1						1	570	1	11	96	2	6	None	
	Temperature(¡C)	1	2	3	4	5	6	7	8	9	10	11	12		
	25.60														
		0.0471	0.1349	0.1438	0.1492	0.1557	0.1773	0.3825	0.6161	0.8989	1.3132	1.3429			
		0.0459	0.1382	0.1522	0.1766	0.1565	0.1952	0.3919	0.724	1.1193	1.171	1.3091			
		0.0446	0.1246	0.124	0.1676	0.1739	0.1992	0.3879	0.6916	1.0442	1.4834	1.4535			
		0.048	0.1295	0.1178	0.1709	0.3751	0.505	1.217	1.443	1.6224	1.5559	1.621			
		0.052	0.126	0.1248	0.1631	0.3121	0.4666	1.2129	1.6529	1.697	1.6067	1.595			
		0.0507	0.1192	0.1286	0.1467	0.28	0.4486	1.1454	1.5835	1.6214	1.6824	1.6793			
															
		
~End
Plate:	SW527 lapatinib/nothing	1.3	PlateFormat	Endpoint	Absorbance	Raw	FALSE	1						1	570	1	11	96	2	6	None	
	Temperature(¡C)	1	2	3	4	5	6	7	8	9	10	11	12		
	25.60														
		0.0417	0.0843	0.1678	0.7707	1.691	1.5713	1.5188	1.5359	1.7498	2.0746	1.7311			
		0.0441	0.0783	0.175	1.1189	1.9339	1.7632	1.8297	1.9733	1.6147	1.6262	2.2438			
		0.0482	0.0812	0.1508	0.7594	1.7886	1.4451	0.9602	1.4954	1.883	1.3945	2.1755			
		0.0447	0.0817	0.0831	0.0814	0.1068	0.1639	0.395	2.3637	2.4926	2.4734	2.5199			
		0.0431	0.0761	0.084	0.0851	0.1128	0.1358	0.3812	2.1356	2.511	2.4823	2.5275			
		0.0488	0.0928	0.0836	0.0821	0.0989	0.1489	0.2832	2.1544	2.3902	2.3618	2.4888			
															
		
~End
Plate:	T47D lapatinib/nothing	1.3	PlateFormat	Endpoint	Absorbance	Raw	FALSE	1						1	570	1	11	96	2	6	None	
	Temperature(¡C)	1	2	3	4	5	6	7	8	9	10	11	12		
	25.70														
		0.0477	0.1376	0.4515	0.8315	1.0695	1.3694	1.3409	1.4652	1.507	1.685	1.5459			
		0.0471	0.1157	0.4798	0.9039	1.3203	1.4849	1.3546	1.5241	1.4663	1.589	1.7212			
		0.047	0.1245	0.4352	0.8697	1.292	1.3608	1.4518	1.4791	1.5566	1.6876	1.6042			
		0.0466	0.1587	0.1332	0.155	0.3099	0.6661	0.9635	1.5076	1.786	1.8921	1.9444			
		0.0475	0.1491	0.1376	0.1502	0.2827	0.6759	1.0378	1.6068	1.7966	1.8805	1.7424			
		0.0468	0.1792	0.1355	0.1526	0.258	0.5599	0.81	1.446	1.7814	1.8705	1.8177			
															
		
~End
Plate:	KPL1 lapatinib/nothing	1.3	PlateFormat	Endpoint	Absorbance	Raw	FALSE	1						1	570	1	11	96	2	6	None	
	Temperature(¡C)	1	2	3	4	5	6	7	8	9	10	11	12		
	25.70														
		0.0438	0.1527	0.4452	1.718	1.9773	2.3217	2.1873	2.1706	2.1915	2.1985	2.3136			
		0.0455	0.1393	0.4384	2.0506	2.217	2.0913	2.3545	2.2643	2.1628	2.2831	2.4034			
		0.0465	0.1042	0.4139	1.8188	2.1697	2.3566	2.43	2.2985	2.4451	2.3673	2.3617			
		0.0448	0.1211	0.1387	0.1411	0.9573	1.3236	1.85	2.2992	2.4396	2.3571	2.2709			
		0.046	0.1166	0.1517	0.1317	0.8782	1.3617	1.591	2.3186	2.357	2.3378	2.3226			
		0.0441	0.1144	0.1322	0.1616	0.844	1.327	1.6893	2.188	2.2357	2.2737	2.1971			
															
		
~End
Plate:	DU145 lapatinib/nothing	1.3	PlateFormat	Endpoint	Absorbance	Raw	FALSE	1						1	570	1	11	96	2	6	None	
	Temperature(¡C)	1	2	3	4	5	6	7	8	9	10	11	12		
	25.70														
		0.0451	0.0783	0.2158	1.0458	1.1187	1.3105	1.4625	1.3256	1.4134	1.5342	1.4591			
		0.0434	0.0876	0.2289	0.9431	1.1961	1.2778	1.5108	1.2866	1.343	1.4772	1.3269			
		0.0427	0.0919	0.2063	0.8787	1.161	1.0868	1.2091	1.4778	1.217	1.244	1.4542			
		0.0458	0.0861	0.0806	0.0936	0.1962	0.3377	0.9892	1.3797	1.324	1.3694	1.2754			
		0.0432	0.0798	0.0828	0.0901	0.1327	0.2659	0.9762	1.4029	1.374	1.3555	1.255			
		0.043	0.0825	0.1245	0.0893	0.1385	0.2475	0.9108	1.5738	1.2705	1.2969	1.1306			
															
		
~End
Plate:	HS578T lapatinib/nothing	1.3	PlateFormat	Endpoint	Absorbance	Raw	FALSE	1						1	570	1	11	96	2	6	None	
	Temperature(¡C)	1	2	3	4	5	6	7	8	9	10	11	12		
	25.70														
		0.0412	0.103	0.458	1.0156	0.9411	0.9975	0.9558	0.9065	0.8627	0.8203	0.7534			
		0.0417	0.1043	0.3646	1.0532	1.004	0.9693	1.0921	0.9377	1.0053	0.9466	0.7853			
		0.0421	0.0945	0.3209	1.03	0.9678	1.0184	1.046	0.9574	0.9363	0.9676	0.8404			
		0.0412	0.0777	0.0948	0.1615	0.4707	0.4447	0.7672	1.0825	1.0769	0.9504	0.8721			
		0.0446	0.0869	0.1193	0.1462	0.5175	0.4645	0.7649	1.0438	1.0215	0.8982	0.9069			
		0.0411	0.0867	0.093	0.1557	0.4778	0.4901	0.7191	0.9457	0.9292	0.8968	0.837			
															
		
~End
Plate:	MDA468 lapatinib/nothing	1.3	PlateFormat	Endpoint	Absorbance	Raw	FALSE	1						1	570	1	11	96	2	6	None	
	Temperature(¡C)	1	2	3	4	5	6	7	8	9	10	11	12		
	25.70														
		0.0447	0.165	0.1337	0.6545	0.9471	1.1631	1.2523	1.415	1.8326	2.16	2.1964			
		0.0451	0.138	0.1105	0.7582	1.2623	1.5575	1.8163	2.0009	2.0665	2.1508	2.2067			
		0.042	0.1129	0.1342	0.7534	1.1727	1.6386	1.7919	1.935	2.1402	2.2563	2.2758			
		0.0434	0.1008	0.1109	0.1176	0.1724	0.2779	1.3782	2.2365	2.2536	2.2969	2.265			
		0.0451	0.0924	0.1043	0.113	0.16	0.2335	1.3202	2.2481	2.2291	2.2715	2.2514			
		0.0463	0.1039	0.1108	0.1139	0.1853	0.1819	1.6653	2.217	2.1913	2.2336	2.1887			
															
		
~End
Plate:	MFM223 lapatinib/nothing	1.3	PlateFormat	Endpoint	Absorbance	Raw	FALSE	1						1	570	1	11	96	2	6	None	
	Temperature(¡C)	1	2	3	4	5	6	7	8	9	10	11	12		
	25.70														
		0.0472	0.1095	0.1684	0.491	0.5174	0.5184	0.5078	0.5102	0.4271	0.482	0.532			
		0.0425	0.1144	0.1821	0.4731	0.5557	0.5392	0.5385	0.559	0.4976	0.514	0.5145			
		0.0471	0.121	0.2841	0.6852	0.717	0.6853	0.5545	0.5753	0.5907	0.4826	0.5352			
		0.0462	0.1161	0.1436	0.4099	0.5555	0.6277	0.7239	0.8272	0.8453	0.5909	0.5939			
		0.0433	0.1108	0.121	0.1418	0.3806	0.4302	0.4718	0.6345	0.5929	0.5953	0.5919			
		0.0434	0.1037	0.1204	0.1568	0.3522	0.422	0.4722	0.5366	0.5494	0.5647	0.4848			
															
		
~End
Plate:	MDA330 lapatinib/nothing	1.3	PlateFormat	Endpoint	Absorbance	Raw	FALSE	1						1	570	1	11	96	2	6	None	
	Temperature(¡C)	1	2	3	4	5	6	7	8	9	10	11	12		
	25.70														
		0.0457	0.1625	0.2292	0.3648	0.3959	0.4287	0.4663	0.5408	0.6857	0.8212	0.9219			
		0.0437	0.1798	0.2703	0.3408	0.4344	0.4718	0.4884	0.6082	0.6919	0.8053	0.8776			
		0.0489	0.1808	0.2373	0.3439	0.3765	0.4398	0.5354	0.5711	0.659	0.8591	0.873			
		0.0499	0.2796	0.2438	0.4591	0.6692	0.9236	1.0936	1.2086	1.1888	1.1536	1.1755			
		0.0466	0.2786	0.2613	0.4239	0.613	0.8882	1.1331	1.212	1.1999	1.1298	1.1015			
		0.0469	0.2334	0.2041	0.3659	0.5346	0.8455	1.0166	1.0721	1.0538	1.0033	1.0273			
															
		
~End
Plate:	OCUB1 lapatinib/nothing	1.3	PlateFormat	Endpoint	Absorbance	Raw	FALSE	1						1	570	1	11	96	2	6	None	
	Temperature(¡C)	1	2	3	4	5	6	7	8	9	10	11	12		
	25.70														
		0.0493	0.0974	0.1065	0.2518	0.3088	0.4075	0.5593	0.6108	0.7549	0.9156	1.0058			
		0.0457	0.0961	0.114	0.3143	0.3871	0.4428	0.5651	0.8027	0.8308	0.9208	0.7731			
		0.0503	0.1064	0.1112	0.3022	0.3961	0.4371	0.5968	0.6648	0.9639	0.895	0.795			
		0.0464	0.1081	0.1016	0.107	0.1585	0.1954	0.176	0.7885	1.2211	1.266	1.211			
		0.0505	0.0987	0.1021	0.1077	0.1373	0.1568	0.199	0.8723	1.0991	1.2857	1.1371			
		0.0474	0.0939	0.1087	0.1119	0.1458	0.1642	0.1706	0.7169	1.0601	1.1422	1.1433			
															
		
~End
Plate:	CAL51 lapatinib/nothing	1.3	PlateFormat	Endpoint	Absorbance	Raw	FALSE	1						1	570	1	11	96	2	6	None	
	Temperature(¡C)	1	2	3	4	5	6	7	8	9	10	11	12		
	25.80														
		0.0445	0.0981	0.2694	1.606	1.9533	1.5877	1.776	1.8326	1.938	2.0906	1.943			
		0.0461	0.1116	0.2808	1.617	1.8081	1.9589	1.9334	1.8615	1.9664	2.0062	1.956			
		0.0465	0.0967	0.2628	1.5951	1.9557	2.0271	1.9076	2.03	2.0276	1.9456	2.032			
		0.0459	0.0946	0.104	0.1261	0.156	0.284	0.9464	1.8374	2.135	2.021	2.2615			
		0.0461	0.0708	0.0876	0.1001	0.1134	0.2494	0.8029	1.895	2.1541	2.1199	2.0488			
		0.0438	0.0871	0.0978	0.0973	0.1164	0.2689	0.9268	1.6864	2.0065	1.9783	2.0999			
															
		
~End
Plate:	HCC1419 lapatinib/nothing	1.3	PlateFormat	Endpoint	Absorbance	Raw	FALSE	1						1	570	1	11	96	2	6	None	
	Temperature(¡C)	1	2	3	4	5	6	7	8	9	10	11	12		
	25.80														
		0.043	0.0902	0.3182	0.2617	0.2137	0.2222	0.313	0.3856	0.6227	0.6976	0.6187			
		0.0437	0.0923	0.4073	0.3338	0.3189	0.3638	0.663	0.6834	0.8857	1.2471	1.4593			
		0.0418	0.0918	0.4273	0.4098	0.3773	0.4456	0.5854	0.9691	1.2366	1.2355	1.483			
		0.0462	0.1725	0.1935	1.4736	2.075	2.104	2.0359	2.0808	2.0182	1.9744	1.867			
		0.0429	0.163	0.1787	1.4936	2.0413	2.0749	2.0859	2.05	2.0581	2.0021	1.8388			
		0.0443	0.1797	0.168	1.5064	2.0854	2.0139	2.0109	1.9854	1.9694	1.9119	1.7753			
															
		
~End
Plate:	HCC38 lapatinib/nothing	1.3	PlateFormat	Endpoint	Absorbance	Raw	FALSE	1						1	570	1	11	96	2	6	None	
	Temperature(¡C)	1	2	3	4	5	6	7	8	9	10	11	12		
	25.80														
		0.042	0.0912	0.2208	0.485	0.5626	0.5741	0.4508	0.4148	0.3726	0.3178	0.3248			
		0.0422	0.0954	0.2061	0.5221	0.5214	0.5974	0.4748	0.3696	0.4115	0.3183	0.357			
		0.0473	0.0926	0.1745	0.6024	0.5008	0.5332	0.5313	0.5915	0.3898	0.4065	0.3294			
		0.0459	0.0865	0.0835	0.0872	0.1078	0.1558	0.5366	0.7107	0.6454	0.5056	0.5974			
		0.0491	0.0787	0.0858	0.0799	0.1081	0.1706	0.4418	0.7229	0.671	0.5667	0.5888			
		0.0415	0.0839	0.0871	0.0851	0.0943	0.1726	0.4041	0.6506	0.6867	0.6437	0.5234			
															
		
~End
Plate:	BT20 lapatinib/nothing	1.3	PlateFormat	Endpoint	Absorbance	Raw	FALSE	1						1	570	1	11	96	2	6	None	
	Temperature(¡C)	1	2	3	4	5	6	7	8	9	10	11	12		
	25.80														
		0.0455	0.094	0.1481	0.2918	0.3456	0.2915	0.2505	0.2676	0.1745	0.3959	0.4392			
		0.0416	0.1102	0.1588	0.399	0.435	0.4446	0.5195	0.5526	0.4475	0.4385	0.4216			
		0.0468	0.1038	0.1301	0.3719	0.4437	0.4482	0.4487	0.5115	0.4647	0.4679	0.4298			
		0.0448	0.099	0.1116	0.1176	0.2244	0.2159	0.5909	0.766	0.7695	0.6668	0.6582			
		0.0426	0.1056	0.103	0.1079	0.2218	0.2288	0.6067	0.7188	0.7254	0.6909	0.5874			
		0.0431	0.1138	0.1058	0.1076	0.1839	0.1952	0.5896	0.6769	0.6598	0.6124	0.6056			
															
		
~End
Plate:	SKBR5 lapatinib/nothing	1.3	PlateFormat	Endpoint	Absorbance	Raw	FALSE	1						1	570	1	11	96	2	6	None	
	Temperature(¡C)	1	2	3	4	5	6	7	8	9	10	11	12		
	25.80														
		0.046	0.1081	0.8283	1.6014	2.0218	1.9823	2.0388	2.0138	2.0362	2.0474	1.8435			
		0.0433	0.1142	0.9368	1.708	2.062	2.0484	2.09	2.0473	2.0712	2.0254	2.0604			
		0.0472	0.1109	0.9815	1.6968	2.059	2.0887	2.0446	2.0881	2.0536	1.8892	1.9976			
		0.047	0.1201	0.1093	0.403	0.4587	0.4628	1.4312	1.7254	1.6879	1.4285	1.4398			
		0.0455	0.109	0.1078	0.3687	0.4667	0.3833	1.4641	1.8056	1.6949	1.4809	1.4202			
		0.043	0.1325	0.1176	0.3524	0.4088	0.2635	1.2898	1.6589	1.5865	1.3608	1.523			
															
		
~End
Plate:	HCT116 lapatinib/nothing	1.3	PlateFormat	Endpoint	Absorbance	Raw	FALSE	1						1	570	1	11	96	2	6	None	
	Temperature(¡C)	1	2	3	4	5	6	7	8	9	10	11	12		
	25.80														
		0.0467	0.0989	0.7483	2.5646	2.5628	2.5403	2.5213	2.4974	2.4645	2.5026	2.4652			
		0.0443	0.1066	0.8403	2.5901	2.5997	2.5849	2.588	2.5401	2.5415	2.5374	2.5198			
		0.0446	0.108	0.8793	2.5751	2.5923	2.5587	2.5704	2.5456	2.5441	2.5343	2.5229			
		0.0457	0.123	0.1145	0.1525	0.7486	1.2772	2.4436	2.5328	2.5426	2.5395	2.4886			
		0.0449	0.1182	0.1152	0.1532	0.731	1.298	2.4363	2.5438	2.5486	2.5377	2.4916			
		0.0462	0.1205	0.1034	0.1463	0.6885	1.2028	2.4154	2.5259	2.5242	2.523	2.4727			
															
		
~End
Plate:	HCC1428 lapatinib/nothing	1.3	PlateFormat	Endpoint	Absorbance	Raw	FALSE	1						1	570	1	11	96	2	6	None	
	Temperature(¡C)	1	2	3	4	5	6	7	8	9	10	11	12		
	25.80														
		0.0447	0.1221	0.223	0.6053	0.5616	0.6292	0.6603	0.5866	0.5742	0.5739	0.4962			
		0.0466	0.1318	0.4192	0.6148	0.6965	0.645	0.738	0.5702	0.6155	0.5067	0.518			
		0.0455	0.1193	0.3319	0.7384	0.7479	0.6878	0.7864	0.5996	0.6147	0.589	0.575			
		0.0451	0.142	0.1561	0.391	0.3901	0.8051	0.9245	1.1296	0.983	0.8082	0.9367			
		0.0448	0.1319	0.1391	0.3767	0.6186	0.9807	1.2498	1.3869	1.2179	1.427	1.3707			
		0.0495	0.1371	0.1189	0.3465	0.4619	0.8955	1.441	1.3704	0.9496	1.1747	0.8084			
															
		
~End
Plate:	LY2 lapatinib/nothing	1.3	PlateFormat	Endpoint	Absorbance	Raw	FALSE	1						1	570	1	11	96	2	6	None	
	Temperature(¡C)	1	2	3	4	5	6	7	8	9	10	11	12		
	25.80														
		0.045	0.1157	0.313	2.0851	2.2095	2.2997	2.2371	2.2554	2.1022	2.2031	2.0427			
		0.0461	0.1052	0.4057	2.0577	2.3112	2.3234	2.3118	2.1889	2.2263	2.2896	2.181			
		0.0482	0.1168	0.3198	1.8616	2.1257	2.2057	2.2292	2.1847	2.0695	2.1929	2.3137			
		0.045	0.243	0.2399	0.3594	0.9368	1.3636	2.1804	2.3604	2.2766	2.3398	2.3503			
		0.0471	0.26	0.2208	0.3187	0.9422	1.2363	2.1508	2.3334	2.3475	2.3408	2.3738			
		0.0438	0.2483	0.1817	0.343	1.1194	1.4696	2.1771	2.3738	2.2603	2.3539	2.3321			
															
		
~End
Plate:	MPE600 lapatinib/nothing	1.3	PlateFormat	Endpoint	Absorbance	Raw	FALSE	1						1	570	1	11	96	2	6	None	
	Temperature(¡C)	1	2	3	4	5	6	7	8	9	10	11	12		
	25.80														
		0.0453	0.0893	0.2189	0.8484	1.4806	1.542	1.4625	1.1061	1.5554	1.7535	1.8332			
		0.0459	0.0861	0.2236	0.5676	1.5105	1.364	1.3366	1.3261	1.4491	1.4566	1.7092			
		0.0474	0.0839	0.2017	0.7294	1.4754	1.3726	1.1163	1.7207	1.6138	1.859	1.7671			
		0.0455	0.1018	0.0966	0.0872	0.111	0.1577	0.4368	2.1691	2.3751	2.4335	2.4342			
		0.0464	0.0878	0.0928	0.0917	0.1196	0.1299	0.4706	2.1515	2.3476	2.3473	2.2844			
		0.0481	0.0912	0.095	0.0935	0.106	0.1317	0.4859	2.2059	2.3991	2.3346	2.3938			
															
		
~End
Plate:	MDA436 lapatinib/nothing	1.3	PlateFormat	Endpoint	Absorbance	Raw	FALSE	1						1	570	1	11	96	2	6	None	
	Temperature(¡C)	1	2	3	4	5	6	7	8	9	10	11	12		
	25.80														
		0.0475	0.0972	0.2129	0.5607	0.6473	0.6329	0.6303	0.6685	0.7802	0.6831	0.743			
		0.0437	0.1125	0.2278	0.5307	0.7188	0.7096	0.7332	0.7543	0.7169	0.7353	0.7256			
		0.045	0.0977	0.223	0.5666	0.7314	0.7005	0.6518	0.731	0.6815	0.7564	0.8114			
		0.0452	0.1224	0.1172	0.1214	0.2024	0.1872	0.303	0.7118	0.9182	0.9573	0.8484			
		0.0454	0.126	0.1055	0.1205	0.1895	0.1961	0.3667	0.6802	0.884	0.9281	0.848			
		0.044	0.1118	0.1056	0.1119	0.1774	0.1913	0.2673	0.6588	0.8463	0.8369	0.8982			
															
		
~End
Instrument type: Instrument serial number:
