##BLOCKS= 6          
Note:~End
Plate:	MACLS2 lapatinib/nothing	1.3	PlateFormat	Endpoint	Absorbance	Raw	FALSE	1						1	570	1	11	96	2	3	None	
	Temperature(¡C)	1	2	3	4	5	6	7	8	9	10	11	12		
	26.10														
		0.0452	0.1036	0.1082	0.1489	0.2254	0.2003	0.2871	0.3407	0.4018	0.5512	0.679			
		0.0471	0.0826	0.0953	0.2305	0.3797	0.3495	0.4097	0.4347	0.4739	0.6246	0.6454			
		0.0446	0.0853	0.0885	0.2152	0.3505	0.3397	0.4168	0.4495	0.5295	0.5889	0.5911			
		0.0452	0.1036	0.1082	0.1489	0.2254	0.2003	0.2871	0.3407	0.4018	0.5512	0.679			
		0.0471	0.0826	0.0953	0.2305	0.3797	0.3495	0.4097	0.4347	0.4739	0.6246	0.6454			
		0.0446	0.0853	0.0885	0.2152	0.3505	0.3397	0.4168	0.4495	0.5295	0.5889	0.5911			
															
		
~End
Plate:	MX1 lapatinib/nothing	1.3	PlateFormat	Endpoint	Absorbance	Raw	FALSE	1						1	570	1	11	96	2	3	None	
	Temperature(¡C)	1	2	3	4	5	6	7	8	9	10	11	12		
	26.10														
		0.0444	0.1049	0.1304	0.3241	0.2333	0.2099	0.189	0.2126	0.2393	0.4089	0.4684			
		0.0447	0.104	0.2246	0.3716	0.4018	0.4098	0.4529	0.4774	0.471	0.512	0.4479			
		0.0442	0.1179	0.1569	0.3726	0.3703	0.3861	0.478	0.4773	0.4773	0.5216	0.4781			
		0.0452	0.1036	0.1082	0.1489	0.2254	0.2003	0.2871	0.3407	0.4018	0.5512	0.679			
		0.0471	0.0826	0.0953	0.2305	0.3797	0.3495	0.4097	0.4347	0.4739	0.6246	0.6454			
		0.0446	0.0853	0.0885	0.2152	0.3505	0.3397	0.4168	0.4495	0.5295	0.5889	0.5911			
															
		
~End
Plate:	HBL100 lapatinib/nothing	1.3	PlateFormat	Endpoint	Absorbance	Raw	FALSE	1						1	570	1	11	96	2	3	None	
	Temperature(¡C)	1	2	3	4	5	6	7	8	9	10	11	12		
	26.20														
		0.0444	0.0972	0.107	0.3757	0.5224	0.6151	0.6772	0.6566	0.6467	0.7827	0.9482			
		0.0456	0.0929	0.1136	0.5026	0.5684	0.7231	0.7712	0.7035	0.7971	0.8525	0.9015			
		0.0452	0.0883	0.1055	0.5238	0.5906	0.6908	0.6119	0.7076	0.6941	0.8803	0.8421			
		0.0452	0.1036	0.1082	0.1489	0.2254	0.2003	0.2871	0.3407	0.4018	0.5512	0.679			
		0.0471	0.0826	0.0953	0.2305	0.3797	0.3495	0.4097	0.4347	0.4739	0.6246	0.6454			
		0.0446	0.0853	0.0885	0.2152	0.3505	0.3397	0.4168	0.4495	0.5295	0.5889	0.5911			
															
		
~End
Plate:	MDA361 lapatinib/nothing	1.3	PlateFormat	Endpoint	Absorbance	Raw	FALSE	1						1	570	1	11	96	2	3	None	
	Temperature(¡C)	1	2	3	4	5	6	7	8	9	10	11	12		
	26.20														
		0.0451	0.1103	0.4092	0.8772	0.9664	0.9796	1.1623	1.2562	1.3329	1.3305	1.4911			
		0.0457	0.1372	0.4506	0.9055	1.1207	1.1164	1.3145	1.3871	1.4851	1.4194	1.2639			
		0.0454	0.1062	0.6152	1.0747	1.2135	1.1909	1.2981	1.4586	1.5432	1.3034	1.5284			
		0.0452	0.1036	0.1082	0.1489	0.2254	0.2003	0.2871	0.3407	0.4018	0.5512	0.679			
		0.0471	0.0826	0.0953	0.2305	0.3797	0.3495	0.4097	0.4347	0.4739	0.6246	0.6454			
		0.0446	0.0853	0.0885	0.2152	0.3505	0.3397	0.4168	0.4495	0.5295	0.5889	0.5911			
															
		
~End
Plate:	SKBR3 lapatinib/nothing	1.3	PlateFormat	Endpoint	Absorbance	Raw	FALSE	1						1	570	1	11	96	2	3	None	
	Temperature(¡C)	1	2	3	4	5	6	7	8	9	10	11	12		
	26.20														
		0.0446	0.1173	0.09	0.1361	0.1325	0.1544	0.186	0.2485	0.3601	0.4418	0.6704			
		0.046	0.1145	0.0897	0.1913	0.1677	0.1922	0.1978	0.3642	0.4191	0.5422	0.6963			
		0.0461	0.1025	0.0864	0.2175	0.1708	0.2339	0.2569	0.3689	0.5099	0.4745	0.784			
		0.0452	0.1036	0.1082	0.1489	0.2254	0.2003	0.2871	0.3407	0.4018	0.5512	0.679			
		0.0471	0.0826	0.0953	0.2305	0.3797	0.3495	0.4097	0.4347	0.4739	0.6246	0.6454			
		0.0446	0.0853	0.0885	0.2152	0.3505	0.3397	0.4168	0.4495	0.5295	0.5889	0.5911			
															
		
~End
Instrument type: Instrument serial number:
