##BLOCKS= 13         
Note:~End
Plate:	HCC70 lapatinib/paclitaxel	1.3	PlateFormat	Endpoint	Absorbance	Raw	FALSE	1						1	570	1	11	96	2	6	None	
	Temperature(¡C)	1	2	3	4	5	6	7	8	9	10	11	12		
	26.30														
		0.0466	0.092	0.1018	0.6351	1.0736	1.11	1.1448	1.2093	1.2009	1.2448	1.2661			
		0.0486	0.0983	0.1056	0.7249	1.0617	1.0574	1.2289	1.1885	1.2491	1.2736	1.307			
		0.0455	0.0966	0.1098	0.7489	1.0611	1.1845	1.234	1.2684	1.3483	1.3946	1.4149			
		0.0451	0.3072	0.7203	1.3568	1.5078	1.4906	1.5057	1.535	1.599	1.4407	1.4088			
		0.0464	0.3089	0.6956	1.5196	1.7042	1.6326	1.7128	1.6326	1.6518	1.5348	1.5249			
		0.0459	0.355	0.6984	1.5574	1.6503	1.6458	1.6525	1.6068	1.6387	1.6054	1.5833			
															
		
~End
Plate:	SKBR7 lapatinib/paclitaxel	1.3	PlateFormat	Endpoint	Absorbance	Raw	FALSE	1						1	570	1	11	96	2	6	None	
	Temperature(¡C)	1	2	3	4	5	6	7	8	9	10	11	12		
	26.30														
		0.0448	0.1175	0.2895	1.1562	1.4065	1.42	1.3776	1.3694	1.4262	1.4872	1.6911			
		0.0451	0.1246	0.2789	1.2754	1.316	1.3761	1.5123	1.4006	1.4317	1.4231	1.7256			
		0.0445	0.1197	0.3059	1.2721	1.4236	1.5298	1.4734	1.4356	1.5414	1.5452	1.7125			
		0.0434	0.3446	0.8992	1.4173	1.6713	1.7519	1.7336	1.7754	1.6811	1.6397	1.6517			
		0.0444	0.3922	0.9964	1.5576	1.776	1.7753	1.7897	1.8018	1.8068	1.8565	1.8339			
		0.0456	0.3857	0.9988	1.5589	1.7197	1.7731	1.8528	1.6988	1.7054	1.7599	1.7897			
															
		
~End
Plate:	HCC1143 lapatinib/paclitaxel	1.3	PlateFormat	Endpoint	Absorbance	Raw	FALSE	1						1	570	1	11	96	2	6	None	
	Temperature(¡C)	1	2	3	4	5	6	7	8	9	10	11	12		
	26.30														
		0.0451	0.0969	0.1676	0.5318	0.5942	0.6598	0.676	0.7371	0.7041	0.8253	0.8973			
		0.045	0.1054	0.2073	0.6713	0.7555	0.748	0.8089	0.8255	0.8622	0.8848	0.9003			
		0.0444	0.1064	0.2008	0.6693	0.6618	0.7467	0.8198	0.7855	0.8729	0.8958	0.9856			
		0.0444	0.1817	0.4195	1.1693	1.2614	1.1165	1.0832	1.1532	1.0879	1.1559	0.9822			
		0.0432	0.192	0.6351	1.1889	1.2875	1.2347	1.2648	1.244	1.2357	1.1586	1.1249			
		0.0463	0.2049	0.7422	1.2424	1.2511	1.2294	1.2309	1.2005	1.2639	1.204	1.0736			
															
		
~End
Plate:	HCC1937 lapatinib/paclitaxel	1.3	PlateFormat	Endpoint	Absorbance	Raw	FALSE	1						1	570	1	11	96	2	6	None	
	Temperature(¡C)	1	2	3	4	5	6	7	8	9	10	11	12		
	26.30														
		0.0447	0.1112	0.1589	0.5133	0.6003	0.6055	0.6898	0.7233	0.7362	0.8145	0.8991			
		0.0461	0.1117	0.181	0.6189	0.7227	0.7199	0.79	0.8512	0.8361	0.9156	0.8899			
		0.0456	0.1125	0.1809	0.5798	0.6648	0.6972	0.8166	0.7676	0.8366	0.8996	0.8673			
		0.0457	0.2592	0.3965	0.8216	0.8747	0.9487	0.9462	0.8508	0.9298	0.9835	0.8124			
		0.0516	0.2711	0.4716	0.8305	0.9198	0.9254	0.9224	0.975	0.9648	0.966	0.867			
		0.0458	0.2908	0.4705	0.8088	0.9596	0.8772	0.933	0.876	0.8825	0.9695	0.8613			
															
		
~End
Plate:	SUM159 lapatinib/paclitaxel	1.3	PlateFormat	Endpoint	Absorbance	Raw	FALSE	1						1	570	1	11	96	2	6	None	
	Temperature(¡C)	1	2	3	4	5	6	7	8	9	10	11	12		
	26.30														
		0.045	0.0863	0.0876	0.8411	0.8772	0.9199	0.9344	1.0716	1.2514	1.837	2.1106			
		0.047	0.0943	0.0947	1.1422	1.4136	1.4973	1.6341	1.8873	1.8615	1.8367	1.9086			
		0.0428	0.0953	0.0923	0.9834	1.4109	1.6697	1.6209	1.9158	1.877	1.875	2.4137			
		0.0454	0.1532	1.809	2.0084	2.0152	2.0672	2.0318	2.0304	1.7959	1.9649	1.9634			
		0.0473	0.1584	1.8088	2.0618	2.0113	2.0303	2.0559	2.0203	2.0142	1.9888	1.9795			
		0.0448	0.1318	1.6889	1.999	1.9773	2.0027	2.0299	2.0246	1.9267	1.9743	2.0573			
															
		
~End
Plate:	HCC1954 lapatinib/paclitaxel	1.3	PlateFormat	Endpoint	Absorbance	Raw	FALSE	1						1	570	1	11	96	2	6	None	
	Temperature(¡C)	1	2	3	4	5	6	7	8	9	10	11	12		
	26.40														
		0.0513	0.0859	0.0896	0.1341	0.2231	0.2509	0.3174	0.364	0.3415	0.4163	0.5213			
		0.0454	0.0961	0.095	0.1425	0.2287	0.2649	0.2701	0.3626	0.3763	0.4349	0.4336			
		0.0454	0.1013	0.0934	0.148	0.2586	0.2495	0.3011	0.373	0.4121	0.4846	0.4167			
		0.0451	0.112	0.1644	0.5715	0.7642	0.6746	0.7091	0.7476	0.7322	0.7308	0.7295			
		0.0445	0.1165	0.1468	0.5329	0.8566	0.769	0.8456	0.8051	0.7019	0.7801	0.8219			
		0.0456	0.1041	0.1581	0.433	0.7489	0.7685	0.7178	0.7983	0.7498	0.7851	0.6905			
															
		
~End
Plate:	MACLS2 lapatinib/paclitaxel	1.3	PlateFormat	Endpoint	Absorbance	Raw	FALSE	1						1	570	1	11	96	2	6	None	
	Temperature(¡C)	1	2	3	4	5	6	7	8	9	10	11	12		
	26.40														
		0.0488	0.0975	0.1104	0.2629	0.4865	0.4994	0.481	0.6789	0.7164	0.706	0.8092			
		0.0444	0.0982	0.1109	0.2975	0.4649	0.4208	0.527	0.548	0.5349	0.5667	0.648			
		0.0455	0.1011	0.1113	0.249	0.4439	0.4913	0.4745	0.5961	0.5657	0.6413	0.656			
		0.0462	0.1278	0.3565	1.0134	1.1792	1.1165	1.2258	1.2177	1.1387	1.2837	1.2716			
		0.0472	0.1209	0.335	1.1296	1.2256	1.3035	1.3401	1.4881	1.4096	1.37	1.3217			
		0.0439	0.1267	0.2723	1.0338	1.301	1.2367	1.2805	1.2783	1.2254	1.24	1.2368			
															
		
~End
Plate:	MCF7 lapatinib/paclitaxel	1.3	PlateFormat	Endpoint	Absorbance	Raw	FALSE	1						1	570	1	11	96	2	6	None	
	Temperature(¡C)	1	2	3	4	5	6	7	8	9	10	11	12		
	26.40														
		0.0493	0.103	0.1213	0.8564	1.1937	1.0539	1.1626	1.1258	1.2188	1.2798	1.5167			
		0.0455	0.1064	0.1227	0.8763	1.1969	1.1769	1.1239	1.1604	1.1745	1.3405	1.3681			
		0.0472	0.1015	0.12	0.8322	1.2735	1.2015	1.2167	1.4071	1.3235	1.3158	1.3694			
		0.046	0.2065	0.5174	1.287	1.6693	1.7176	1.7733	1.6692	1.7069	1.6535	1.4974			
		0.0462	0.2074	0.5948	1.3844	1.5319	1.6455	1.5732	1.7437	1.6964	1.5252	1.5045			
		0.0487	0.2118	0.7094	1.502	1.5834	1.5241	1.5785	1.6229	1.5542	1.5443	1.3938			
															
		
~End
Plate:	BT549 lapatinib/paclitaxel	1.3	PlateFormat	Endpoint	Absorbance	Raw	FALSE	1						1	570	1	11	96	2	6	None	
	Temperature(¡C)	1	2	3	4	5	6	7	8	9	10	11	12		
	26.40														
		0.0472	0.0921	0.1989	0.558	0.9822	1.1147	1.0199	1.0528	1.0605	1.0237	1.158			
		0.0477	0.0956	0.1932	0.5859	0.942	0.9645	0.9718	0.8833	1.0836	1.0159	1.0847			
		0.047	0.1085	0.1859	0.5654	0.8671	1.0323	1.0017	0.9558	1.1015	1.0002	1.2022			
		0.0464	0.1439	0.2365	1.0623	1.198	1.2921	1.2619	1.3826	1.2325	1.2688	1.1865			
		0.045	0.1566	0.269	1.127	1.1631	1.3374	1.1817	1.2991	1.2526	1.4451	1.4528			
		0.0463	0.155	0.3354	1.1655	1.3579	1.2859	1.2928	1.4185	1.4101	1.2644	1.1985			
															
		
~End
Plate:	SUM149 lapatinib/paclitaxel	1.3	PlateFormat	Endpoint	Absorbance	Raw	FALSE	1						1	570	1	11	96	2	6	None	
	Temperature(¡C)	1	2	3	4	5	6	7	8	9	10	11	12		
	26.40														
		0.0489	0.0963	0.1001	0.2332	0.2741	0.4224	0.5337	0.7586	0.4637	0.5203	1.7163			
		0.0446	0.1015	0.1174	0.3075	0.2677	0.3194	0.5717	0.8109	0.7664	1.668	1.0322			
		0.0447	0.1018	0.1241	0.2942	0.3373	0.3911	0.4551	0.8036	1.1415	1.0749	0.5655			
		0.0446	0.1397	0.1696	1.2504	1.5441	1.559	1.5476	1.6637	1.5422	0.9197	0.8139			
		0.0452	0.1545	0.2022	1.3254	1.0619	1.5451	1.7212	1.6167	1.6064	1.6216	1.3238			
		0.0465	0.1497	0.2046	0.9904	1.6529	1.0387	1.6611	1.554	1.5597	0.7591	1.6809			
															
		
~End
Plate:	DU145 lapatinib/paclitaxel	1.3	PlateFormat	Endpoint	Absorbance	Raw	FALSE	1						1	570	1	11	96	2	6	None	
	Temperature(¡C)	1	2	3	4	5	6	7	8	9	10	11	12		
	26.40														
		0.0462	0.1051	0.3126	1.1809	1.3722	1.5236	1.5756	1.6676	1.6605	1.9216	1.9039			
		0.0481	0.11	0.3592	1.3115	1.4989	1.5708	1.674	1.7296	1.8115	1.7635	1.7878			
		0.0461	0.1113	0.2629	1.1404	1.3999	1.5705	1.6557	1.7565	1.7242	1.7455	1.8417			
		0.0463	0.1447	0.6872	1.6053	1.7673	1.7892	1.7868	1.7234	1.7838	1.7125	1.6576			
		0.0463	0.1363	0.6582	1.5257	1.7544	1.7131	1.7404	1.7129	1.5968	1.5825	1.5509			
		0.0513	0.1291	0.4945	1.3753	1.5261	1.561	1.5352	1.5424	1.5602	1.4986	1.5423			
															
		
~End
Plate:	HCC1806 lapatinib/paclitaxel	1.3	PlateFormat	Endpoint	Absorbance	Raw	FALSE	1						1	570	1	11	96	2	6	None	
	Temperature(¡C)	1	2	3	4	5	6	7	8	9	10	11	12		
	26.40														
		0.0498	0.1174	0.1231	0.1792	0.1793	0.1656	0.1819	0.1867	0.1954	0.2176	0.2344			
		0.0447	0.1147	0.1226	0.1888	0.1708	0.1764	0.166	0.1917	0.2005	0.2046	0.185			
		0.0454	0.1184	0.1285	0.188	0.1703	0.1857	0.1737	0.1683	0.1663	0.2078	0.2155			
		0.0468	0.1318	0.1484	0.3467	0.4595	0.4826	0.413	0.4392	0.4629	0.378	0.4296			
		0.0448	0.1333	0.1502	0.3187	0.4432	0.4915	0.4783	0.5174	0.4735	0.3846	0.4332			
		0.0442	0.139	0.1421	0.3289	0.4717	0.4856	0.4086	0.4326	0.4027	0.4335	0.3695			
															
		
~End
Instrument type: Instrument serial number:
