##BLOCKS= 27         
Note:~End
Plate:	MDA468 paclitaxel/nothing	1.3	PlateFormat	Endpoint	Absorbance	Raw	FALSE	1						1	570	1	11	96	2	6	None	
	Temperature(¡C)	1	2	3	4	5	6	7	8	9	10	11	12		
	25.10														
		0.0449	0.1492	1.4232	1.8505	1.918	1.8667	1.8658	1.8483	1.8901	1.8224	1.8798			
		0.0458	0.1638	1.6695	2.0574	2.0485	1.9869	1.9782	1.9728	1.9025	1.8636	1.8839			
		0.0441	0.1669	1.7661	1.9493	1.9689	1.9916	1.9601	1.9257	1.9441	1.8426	1.871			
		0.0446	0.1537	0.1302	0.1349	0.1978	0.8722	1.9134	1.9545	1.9156	1.9453	1.8588			
		0.0448	0.1629	0.145	0.1475	0.1759	0.822	1.8935	1.9365	1.9241	1.8722	1.8387			
		0.044	0.1538	0.1346	0.1414	0.1613	0.6864	1.8297	1.8848	1.8455	2.0075	1.8167			
															
		
~End
Plate:	T47D paclitaxel/nothing	1.3	PlateFormat	Endpoint	Absorbance	Raw	FALSE	1						1	570	1	11	96	2	6	None	
	Temperature(¡C)	1	2	3	4	5	6	7	8	9	10	11	12		
	25.10														
		0.0515	0.4181	1.1827	1.7621	1.5873	1.7851	1.7072	1.8333	1.7409	1.7689	1.6902			
		0.0468	0.4725	1.2961	1.8463	1.8214	1.6431	1.8076	1.6555	1.7926	1.679	1.7066			
		0.0474	0.5215	1.2742	1.8823	1.8627	1.7834	1.8386	1.8403	1.7307	1.703	1.4376			
		0.0466	0.5143	0.3767	0.4461	1.0471	1.836	1.7915	1.7128	1.7419	1.7001	1.8153			
		0.0466	0.4738	0.3805	0.4345	1.1584	1.7763	1.8896	1.8068	1.7469	1.7297	1.6965			
		0.0492	0.4707	0.3151	0.4023	1.1557	1.8012	1.7343	1.7516	1.6888	1.7085	1.6326			
															
		
~End
Plate:	JIMT1 paclitaxel/nothing	1.3	PlateFormat	Endpoint	Absorbance	Raw	FALSE	1						1	570	1	11	96	2	6	None	
	Temperature(¡C)	1	2	3	4	5	6	7	8	9	10	11	12		
	25.10														
		0.0451	0.093	0.1565	1.2578	1.3626	1.4171	1.493	1.5758	1.3929	1.6111	1.5455			
		0.0445	0.1004	0.171	1.0622	1.4468	1.3739	1.4073	1.3878	1.1917	1.5073	1.5977			
		0.0465	0.1092	0.2341	1.1913	1.4596	1.474	1.5507	1.4559	1.4593	1.4501	1.5788			
		0.0473	0.1126	0.098	0.1056	0.1103	0.2015	0.8718	1.3793	1.3304	1.3565	1.4543			
		0.0469	0.1064	0.1034	0.1011	0.1082	0.1756	0.9688	1.341	1.3707	1.4687	1.4599			
		0.0475	0.1014	0.0998	0.0885	0.1015	0.179	0.9275	1.3449	1.5177	1.427	1.3468			
															
		
~End
Plate:	MDA330 paclitaxel/nothing	1.3	PlateFormat	Endpoint	Absorbance	Raw	FALSE	1						1	570	1	11	96	2	6	None	
	Temperature(¡C)	1	2	3	4	5	6	7	8	9	10	11	12		
	25.10														
		0.0434	0.2315	0.605	0.6849	0.7397	0.6855	0.6442	0.693	0.7039	0.6927	0.6826			
		0.0454	0.2786	0.6736	0.7875	0.8323	0.7392	0.8093	0.7677	0.713	0.7264	0.7096			
		0.0443	0.3054	0.6983	0.842	0.8393	0.7681	0.7725	0.8534	0.7846	0.7247	0.6975			
		0.0484	0.137	0.1547	0.1615	0.206	0.3408	0.5602	0.688	0.7362	0.7003	0.6631			
		0.0459	0.1354	0.1579	0.1584	0.1763	0.3441	0.5372	0.7241	0.7222	0.6877	0.6707			
		0.0454	0.135	0.1534	0.1445	0.1639	0.3866	0.5176	0.6978	0.7626	0.7073	0.66			
															
		
~End
Plate:	SW527 paclitaxel/nothing	1.3	PlateFormat	Endpoint	Absorbance	Raw	FALSE	1						1	570	1	11	96	2	6	None	
	Temperature(¡C)	1	2	3	4	5	6	7	8	9	10	11	12		
	25.20														
		0.046	0.254	1.7829	2.5439	2.5376	2.5592	2.5472	2.5504	2.5816	2.5298	2.4987			
		0.0469	0.2228	1.7078	2.5572	2.5739	2.6001	2.5962	2.5933	2.5431	2.5656	2.5058			
		0.0466	0.2984	1.6328	2.5919	2.5698	2.5967	2.5695	2.5782	2.5754	2.5754	2.4895			
		0.0462	0.1342	0.4455	1.2427	2.4881	2.5866	2.5799	2.6073	2.6141	2.594	2.5289			
		0.0468	0.1508	0.4014	1.4362	2.4688	2.5096	2.5382	2.5781	2.5522	2.5739	2.5282			
		0.0472	0.1657	0.4166	1.511	2.3978	2.5391	2.5286	2.5413	2.5452	2.5481	2.5436			
															
		
~End
Plate:	CAMA1 paclitaxel/nothing	1.3	PlateFormat	Endpoint	Absorbance	Raw	FALSE	1						1	570	1	11	96	2	6	None	
	Temperature(¡C)	1	2	3	4	5	6	7	8	9	10	11	12		
	25.20														
		0.0471	0.6326	2.4482	2.5563	2.5074	2.4405	2.5618	2.5522	2.5595	2.5461	2.5251			
		0.0457	0.7008	2.4779	2.558	2.543	2.5523	2.5521	2.5632	2.5844	2.5427	2.2464			
		0.0434	0.7389	2.446	2.5388	2.5599	2.5674	2.5919	2.5506	2.5239	2.548	2.5599			
		0.0446	0.3298	0.38	0.398	0.4755	1.532	2.1804	2.254	2.2069	2.1741	2.1			
		0.0462	0.3578	0.3505	0.375	0.5236	1.5695	2.3021	2.2439	2.2092	2.1812	2.0742			
		0.0476	0.37	0.3366	0.3193	0.4678	1.4869	2.2608	2.2648	2.2274	2.1592	2.0143			
															
		
~End
Plate:	EVSAT paclitaxel/nothing	1.3	PlateFormat	Endpoint	Absorbance	Raw	FALSE	1						1	570	1	11	96	2	6	None	
	Temperature(¡C)	1	2	3	4	5	6	7	8	9	10	11	12		
	25.20														
		0.0474	0.1399	0.6216	2.5663	2.588	2.5793	2.5571	2.5522	2.4925	2.5363	2.5216			
		0.045	0.1428	1.091	2.5949	2.6202	2.614	2.5825	2.5627	2.5728	2.5706	2.5723			
		0.0427	0.1964	2.1431	2.5642	2.5985	2.5955	2.5973	2.5557	2.596	2.5583	2.5515			
		0.0453	0.143	0.1759	0.2306	0.163	0.4358	2.5393	2.5718	2.5804	2.5392	2.5382			
		0.0479	0.1518	0.1905	0.1596	0.1536	0.3265	2.4597	2.5621	2.5724	2.5616	2.5712			
		0.0425	0.156	0.2086	0.1563	0.1687	0.2508	2.3523	2.5361	2.5453	2.5333	2.4988			
															
		
~End
Plate:	MPE600 paclitaxel/nothing	1.3	PlateFormat	Endpoint	Absorbance	Raw	FALSE	1						1	570	1	11	96	2	6	None	
	Temperature(¡C)	1	2	3	4	5	6	7	8	9	10	11	12		
	25.20														
		0.0459	0.458	1.9934	2.559	2.5723	2.6345	2.5656	2.5529	2.5936	2.5882	2.0902			
		0.0448	0.4248	1.9006	2.596	2.6236	2.6494	2.6326	2.615	2.5767	2.6292	2.5608			
		0.0462	0.4996	2.1374	2.6183	2.6401	2.644	2.6254	2.6248	2.666	2.6142	2.5527			
		0.0444	0.2341	0.8226	2.2284	2.5925	2.5981	2.6023	2.6314	2.6519	2.6255	2.5775			
		0.0473	0.2053	0.8381	2.2869	2.5492	2.5929	2.5808	2.6134	2.6025	2.603	2.5812			
		0.0471	0.2165	0.7615	2.2689	2.5744	2.6215	2.5731	2.5839	2.4444	2.5782	2.5073			
															
		
~End
Plate:	BT474 paclitaxel/nothing	1.3	PlateFormat	Endpoint	Absorbance	Raw	FALSE	1						1	570	1	11	96	2	6	None	
	Temperature(¡C)	1	2	3	4	5	6	7	8	9	10	11	12		
	25.20														
		0.0463	0.4231	1.0185	1.4879	1.5179	1.499	1.4566	1.5959	1.523	1.7016	1.6846			
		0.0511	0.7159	1.3609	1.6201	1.7368	1.7933	1.6069	1.6631	1.6112	1.5431	1.7023			
		0.048	0.6243	1.345	1.6895	1.7381	1.7785	1.727	1.7404	1.531	1.6662	1.6175			
		0.0439	0.302	0.3196	0.3377	0.4232	0.7003	1.6885	1.5613	1.8079	1.7206	1.7496			
		0.0472	0.2614	0.3246	0.3178	0.3109	0.6768	1.5874	1.836	1.652	1.7043	1.489			
		0.0476	0.2745	0.2617	0.2728	0.3298	0.7077	1.5619	1.7593	1.7783	1.7489	1.6451			
															
		
~End
Plate:	LY2 paclitaxel/nothing	1.3	PlateFormat	Endpoint	Absorbance	Raw	FALSE	1						1	570	1	11	96	2	6	None	
	Temperature(¡C)	1	2	3	4	5	6	7	8	9	10	11	12		
	25.20														
		0.0473	0.8235	1.6105	2.2498	2.1766	2.0614	2.3276	2.3121	2.4045	2.3931	2.3925			
		0.0464	1.2514	2.0328	2.4753	2.4363	2.4177	2.4863	2.393	2.5229	2.4864	2.4931			
		0.0481	1.4801	2.4322	2.4483	2.463	2.4795	2.5096	2.5199	2.514	2.466	2.4799			
		0.047	0.5252	0.5969	0.6024	0.8915	2.0763	2.4121	2.3813	2.2273	2.3785	2.3101			
		0.0471	0.4723	0.6267	0.661	0.9477	2.0922	2.4084	2.3713	2.3491	2.3837	2.2573			
		0.0483	0.4778	0.5536	0.6152	0.9236	2.1711	2.4116	2.2829	2.4244	2.3778	2.2773			
															
		
~End
Plate:	CAL120 paclitaxel/nothing	1.3	PlateFormat	Endpoint	Absorbance	Raw	FALSE	1						1	570	1	11	96	2	6	None	
	Temperature(¡C)	1	2	3	4	5	6	7	8	9	10	11	12		
	25.30														
		0.0439	0.2106	0.9175	1.1778	1.3826	1.2365	1.306	1.2822	1.1396	1.2099	1.1022			
		0.0437	0.2239	0.8846	1.2356	1.385	1.2212	1.3664	1.3973	1.4808	1.1937	1.2539			
		0.0453	0.1994	0.9494	1.1007	1.4426	1.4447	1.4769	1.3134	1.3593	1.4233	1.0626			
		0.0442	0.1869	0.2071	0.2809	0.5469	0.723	1.1759	1.4209	1.3337	1.3312	1.3409			
		0.0454	0.2233	0.2745	0.309	0.4268	0.7836	1.1827	1.3074	1.1693	1.3023	1.1885			
		0.0426	0.2296	0.1903	0.3019	0.5184	0.8703	1.1527	1.3064	1.3085	1.3331	1.2956			
															
		
~End
Plate:	MDA436 paclitaxel/nothing	1.3	PlateFormat	Endpoint	Absorbance	Raw	FALSE	1						1	570	1	11	96	2	6	None	
	Temperature(¡C)	1	2	3	4	5	6	7	8	9	10	11	12		
	25.30														
		0.0469	0.1416	0.5109	0.8003	0.775	0.8138	0.9014	0.7805	0.7849	0.8193	0.7532			
		0.044	0.1299	0.5483	0.8009	0.8352	0.9503	0.8869	0.9352	0.9094	0.8599	0.8323			
		0.0466	0.1329	0.5784	0.7926	0.8555	0.8985	0.8505	0.9387	0.8204	0.8142	0.9577			
		0.0441	0.1146	0.1774	0.1824	0.3122	0.6471	0.7589	0.8409	0.8867	0.901	0.8759			
		0.0482	0.1136	0.1341	0.187	0.3017	0.6085	0.7574	0.8447	0.8613	0.8058	0.7845			
		0.0528	0.126	0.1207	0.1434	0.263	0.5828	0.7143	0.7891	0.8276	0.7959	0.7922			
															
		
~End
Plate:	CAL148 paclitaxel/nothing	1.3	PlateFormat	Endpoint	Absorbance	Raw	FALSE	1						1	570	1	11	96	2	6	None	
	Temperature(¡C)	1	2	3	4	5	6	7	8	9	10	11	12		
	25.30														
		0.0439	0.0818	0.394	0.6668	0.7704	0.6061	0.6853	0.7773	0.6295	0.6129	0.6924			
		0.0478	0.0927	0.5427	0.8429	0.8475	0.8497	0.9312	0.8427	0.7754	0.6699	0.7507			
		0.0435	0.0894	0.4519	0.8028	0.8557	0.9551	0.7324	0.8531	0.6517	0.7589	0.7898			
		0.0532	0.0852	0.0922	0.0893	0.1027	0.1733	0.5324	0.6234	0.7664	0.5639	0.6725			
		0.0445	0.0844	0.0874	0.0922	0.0841	0.1579	0.5377	0.7105	0.729	0.6025	0.5949			
		0.0449	0.0885	0.0914	0.0819	0.097	0.1519	0.493	0.7206	0.6702	0.5718	0.6131			
															
		
~End
Plate:	HS578T paclitaxel/nothing	1.3	PlateFormat	Endpoint	Absorbance	Raw	FALSE	1						1	570	1	11	96	2	6	None	
	Temperature(¡C)	1	2	3	4	5	6	7	8	9	10	11	12		
	25.30														
		0.0451	0.207	0.4583	0.8317	1.1215	1.1429	1.2786	1.197	1.1751	1.206	1.3367			
		0.0476	0.2332	0.5613	1.2439	1.4231	1.5366	1.2488	1.3391	1.583	1.5638	1.3952			
		0.0435	0.1991	0.6578	1.3722	1.6157	1.5759	1.5916	1.6153	1.2794	1.6399	1.1908			
		0.0463	0.3319	0.2283	0.5203	0.6004	1.2711	1.3676	1.2914	1.3316	1.224	1.0301			
		0.0444	0.2316	0.2931	0.2873	0.4422	1.0561	1.2277	1.2204	1.1529	1.1959	1.0383			
		0.0477	0.3426	0.2664	0.194	0.3895	0.8737	0.9439	1.1902	1.1993	1.1626	1.0262			
															
		
~End
Plate:	HCC1419 paclitaxel/nothing	1.3	PlateFormat	Endpoint	Absorbance	Raw	FALSE	1						1	570	1	11	96	2	6	None	
	Temperature(¡C)	1	2	3	4	5	6	7	8	9	10	11	12		
	25.40														
		0.0479	1.6658	1.7499	1.6496	1.6359	1.7389	1.6642	1.7241	1.4428	1.4584	1.1984			
		0.0443	1.7693	1.8714	1.8174	1.7854	1.8996	1.7692	1.8107	1.7417	1.6048	1.5783			
		0.046	1.8259	1.9668	1.8274	1.8496	1.8005	1.7491	1.743	1.7649	1.6337	1.3272			
		0.0463	1.5438	1.6973	1.702	1.7602	1.7967	1.6139	1.7362	1.625	1.5487	1.3678			
		0.0446	1.584	1.6965	1.5506	1.6619	1.6729	1.8044	1.7393	1.5929	1.5113	1.3589			
		0.0449	1.4199	1.6174	1.6622	1.7226	1.7598	1.6524	1.6398	1.6399	1.5465	1.6254			
															
		
~End
Plate:	CAL51 paclitaxel/nothing	1.3	PlateFormat	Endpoint	Absorbance	Raw	FALSE	1						1	570	1	11	96	2	6	None	
	Temperature(¡C)	1	2	3	4	5	6	7	8	9	10	11	12		
	25.40														
		0.0493	0.595	1.5474	2.1549	2.1857	2.2759	2.3383	2.305	2.2869	2.1837	2.0988			
		0.0489	0.6708	1.7047	2.3683	2.3418	2.3546	2.3284	2.3005	2.3472	2.2626	2.2396			
		0.0448	0.7305	1.5006	2.3148	2.3432	2.4211	2.3539	2.2901	2.3425	2.3365	2.2883			
		0.0442	0.2503	0.732	1.3505	1.7088	2.0583	2.3412	2.2731	2.3439	2.2489	2.3147			
		0.0472	0.2361	0.7984	1.2502	1.6546	2.0159	2.3443	2.2862	2.2612	2.2657	2.1212			
		0.0457	0.2334	0.8954	1.1168	1.6548	2.016	2.2438	2.2923	2.2689	2.174	2.1997			
															
		
~End
Plate:	HCT116 paclitaxel/nothing	1.3	PlateFormat	Endpoint	Absorbance	Raw	FALSE	1						1	570	1	11	96	2	6	None	
	Temperature(¡C)	1	2	3	4	5	6	7	8	9	10	11	12		
	25.40														
		0.0445	0.1671	1.568	2.5	2.4726	2.4826	2.5085	2.5058	2.4806	2.3791	2.39			
		0.0473	0.1541	1.6641	2.5198	2.5356	2.5294	2.5356	2.491	2.4724	2.4838	2.4639			
		0.0452	0.173	1.574	2.531	2.5673	2.5367	2.5259	2.5124	2.5245	2.4974	2.4956			
		0.0439	0.2452	0.3709	0.6266	1.5971	2.4593	2.5239	2.5524	2.4862	2.4803	2.5151			
		0.0479	0.2778	0.3487	0.502	1.6798	2.4585	2.4526	2.5114	2.5441	2.4777	2.5			
		0.0433	0.308	0.3442	0.5666	1.5354	2.438	2.4987	2.5218	2.5023	2.4833	2.4444			
															
		
~End
Plate:	KPL1 paclitaxel/nothing	1.3	PlateFormat	Endpoint	Absorbance	Raw	FALSE	1						1	570	1	11	96	2	6	None	
	Temperature(¡C)	1	2	3	4	5	6	7	8	9	10	11	12		
	25.40														
		0.0467	0.7168	0.9292	1.7058	1.9765	2.0305	2.0632	2.0152	1.894	2.1122	1.8962			
		0.0446	0.7499	0.9657	1.8557	2.2083	1.9384	2.2655	2.1847	2.0314	2.1333	1.9912			
		0.0463	0.7355	0.9795	1.9968	2.2543	2.1393	2.2039	2.2702	2.1727	2.1609	1.989			
		0.0485	0.5735	0.7398	0.7931	0.8679	1.1348	1.9729	2.1943	2.1882	2.1134	2.0775			
		0.0465	0.5753	0.7962	0.852	0.8484	1.0267	2.131	2.1556	2.1203	2.0766	2.0982			
		0.0433	0.57	0.5562	0.8036	0.7907	0.9682	1.6544	1.9046	2.0057	1.8488	2.0438			
															
		
~End
Plate:	SKBR5 paclitaxel/nothing	1.3	PlateFormat	Endpoint	Absorbance	Raw	FALSE	1						1	570	1	11	96	2	6	None	
	Temperature(¡C)	1	2	3	4	5	6	7	8	9	10	11	12		
	25.40														
		0.0459	0.1942	1.1509	1.5815	1.5494	1.4732	1.5129	1.417	1.353	1.3451	1.1672			
		0.0438	0.2079	1.3288	1.7179	1.6575	1.4522	1.627	1.5117	1.4341	1.3804	1.246			
		0.0468	0.2395	1.5425	1.7095	1.6352	1.6745	1.6964	1.6505	1.5605	1.4659	1.4505			
		0.0438	0.3487	0.3963	0.3688	0.951	1.5737	1.6907	1.6728	1.7776	1.5955	1.409			
		0.048	0.4071	0.4483	0.4438	1.0461	1.3385	1.6415	1.5876	1.5052	1.6076	1.4242			
		0.0474	0.3228	0.4387	0.43	1.1189	1.6	1.6528	1.4731	1.52	1.4735	1.3054			
															
		
~End
Plate:	HCC1428 paclitaxel/nothing	1.3	PlateFormat	Endpoint	Absorbance	Raw	FALSE	1						1	570	1	11	96	2	6	None	
	Temperature(¡C)	1	2	3	4	5	6	7	8	9	10	11	12		
	25.40														
		0.0478	0.2897	0.5824	0.7857	0.8132	0.7228	0.7452	0.6415	0.6477	0.6838	0.7904			
		0.0502	0.2996	0.7153	0.937	0.7967	0.8118	0.7617	0.6172	0.6942	0.703	1.0974			
		0.0502	0.3776	0.933	0.9861	0.8855	0.7174	0.7613	0.7184	0.7405	0.7347	0.7864			
		0.0516	0.3024	0.2258	0.2464	0.28	0.5121	0.731	0.8936	0.7133	0.6911	0.6547			
		0.0497	0.3273	0.2576	0.2683	0.3305	0.569	0.922	0.967	0.9218	0.8547	0.7635			
		0.0489	0.3195	0.1995	0.2836	0.4358	0.5925	1.1205	1.0391	0.9479	0.7942	0.8173			
															
		
~End
Plate:	HCC38 paclitaxel/nothing	1.3	PlateFormat	Endpoint	Absorbance	Raw	FALSE	1						1	570	1	11	96	2	6	None	
	Temperature(¡C)	1	2	3	4	5	6	7	8	9	10	11	12		
	25.40														
		0.048	0.1162	0.1894	0.7281	0.7288	0.8165	0.7682	0.7554	0.7087	0.7675	0.6992			
		0.0435	0.1028	0.2827	0.7894	0.9191	0.8913	0.8864	0.8211	0.9436	0.741	0.7513			
		0.0442	0.1304	0.3813	0.8782	0.8364	0.8586	0.8601	0.7885	0.784	0.7513	0.7194			
		0.0452	0.1341	0.1316	0.1319	0.1781	0.616	0.7645	0.8862	0.768	0.7797	0.7849			
		0.0457	0.1213	0.126	0.1233	0.173	0.4665	0.7918	0.7921	0.735	0.7741	0.7143			
		0.047	0.1319	0.1174	0.1099	0.1538	0.4315	0.7164	0.7623	0.7042	0.7304	0.6943			
															
		
~End
Plate:	MFM223 paclitaxel/nothing	1.3	PlateFormat	Endpoint	Absorbance	Raw	FALSE	1						1	570	1	11	96	2	6	None	
	Temperature(¡C)	1	2	3	4	5	6	7	8	9	10	11	12		
	25.50														
		0.0469	0.1825	0.3091	0.6751	0.6847	0.7082	0.7434	0.7165	0.6797	0.7162	0.7012			
		0.0471	0.2218	0.3873	0.8627	0.7477	0.7304	0.6594	0.683	0.6794	0.6757	0.6601			
		0.0459	0.2339	0.4176	0.8074	0.7779	0.7764	0.7836	0.6693	0.6675	0.6413	0.6447			
		0.046	0.1466	0.1652	0.2899	0.3984	0.5224	0.5696	0.6498	0.6335	0.6303	0.6635			
		0.049	0.1517	0.1656	0.2416	0.35	0.4672	0.6799	0.6811	0.7246	0.6718	0.6105			
		0.0452	0.1494	0.1552	0.2431	0.2906	0.4313	0.6507	0.6954	0.6515	0.6548	0.5897			
															
		
~End
Plate:	BT20 paclitaxel/nothing	1.3	PlateFormat	Endpoint	Absorbance	Raw	FALSE	1						1	570	1	11	96	2	6	None	
	Temperature(¡C)	1	2	3	4	5	6	7	8	9	10	11	12		
	25.50														
		0.0439	0.1528	0.6463	0.7943	0.8441	0.8779	0.8485	0.8758	0.7052	0.8256	0.7292			
		0.0446	0.1452	0.6089	0.8487	0.9261	1.0078	0.9257	0.9943	0.8626	0.7922	0.7286			
		0.0442	0.1305	0.6416	0.84	1.0096	0.9839	0.9577	0.9044	0.9079	0.7582	0.6755			
		0.0478	0.1382	0.1439	0.1476	0.3424	0.5402	0.7813	0.8031	0.8581	0.7396	0.6767			
		0.0474	0.1401	0.1483	0.1365	0.2751	0.4529	0.7284	0.7887	0.7503	0.7039	0.6496			
		0.046	0.1392	0.1219	0.1285	0.238	0.4554	0.6289	0.7694	0.7074	0.6699	0.6151			
															
		
~End
Plate:	OCUB1 paclitaxel/nothing	1.3	PlateFormat	Endpoint	Absorbance	Raw	FALSE	1						1	570	1	11	96	2	6	None	
	Temperature(¡C)	1	2	3	4	5	6	7	8	9	10	11	12		
	25.50														
		0.0471	0.1468	0.172	1.3352	1.4058	1.3949	1.2627	1.3915	1.3227	1.3606	1.2177			
		0.0444	0.1499	0.2304	1.4459	1.1931	1.3639	1.2353	1.1911	1.3928	1.3153	0.9774			
		0.05	0.1417	0.2198	1.4379	1.5336	1.3835	1.4276	1.1565	1.1793	1.3025	1.0979			
		0.0511	0.1446	0.1579	0.1515	0.178	0.8033	1.4699	1.3266	1.4381	1.3842	1.3312			
		0.0491	0.1332	0.1415	0.1515	0.1818	0.8191	1.3427	1.4111	1.378	1.3974	1.2467			
		0.0464	0.147	0.1366	0.1441	0.1538	0.7836	1.39	1.5662	1.4391	1.4404	1.2172			
															
		
~End
Plate:	AU655 paclitaxel/nothing	1.3	PlateFormat	Endpoint	Absorbance	Raw	FALSE	1						1	570	1	11	96	2	6	None	
	Temperature(¡C)	1	2	3	4	5	6	7	8	9	10	11	12		
	25.50														
		0.0414	0.1204	0.2894	1.3273	1.3889	1.3764	1.3946	1.2458	1.443	1.3525	1.3118			
		0.0442	0.1616	0.4403	1.5082	1.6293	1.5637	1.5324	1.4815	1.44	1.4293	1.3323			
		0.0465	0.1928	0.5061	1.5027	1.5987	1.5877	1.6209	1.5382	1.4582	1.3359	1.391			
		0.0433	0.0993	0.121	0.1305	0.1225	0.1709	1.2294	1.5571	1.5904	1.4697	1.3551			
		0.0463	0.0947	0.1043	0.1099	0.1096	0.1289	1.2397	1.6083	1.5105	1.469	1.3369			
		0.0454	0.1015	0.0966	0.1099	0.1099	0.1464	1.1693	1.5186	1.5667	1.5838	1.4489			
															
		
~End
Plate:	MDA231 paclitaxel/nothing	1.3	PlateFormat	Endpoint	Absorbance	Raw	FALSE	1						1	570	1	11	96	2	6	None	
	Temperature(¡C)	1	2	3	4	5	6	7	8	9	10	11	12		
	25.50														
		0.0454	0.2539	0.4837	1.1275	1.6421	2.0463	1.8513	1.9338	1.8184	1.8341	1.8448			
		0.047	0.3441	0.4839	1.2546	1.8438	1.8178	1.8714	1.9793	1.8397	1.8994	1.8217			
		0.0455	0.2671	0.4702	1.1663	1.7222	1.7697	1.8215	1.9107	1.955	1.8364	1.7402			
		0.0456	0.387	0.4295	0.4428	0.5966	1.2375	1.6866	1.87	1.8451	1.7556	1.6968			
		0.0496	0.3605	0.4044	0.4046	0.6178	1.1703	1.8044	1.7805	1.7999	1.6315	1.613			
		0.0454	0.3367	0.3711	0.3548	0.5825	1.2061	1.6558	1.7562	1.705	1.5787	1.6239			
															
		
~End
Instrument type: Instrument serial number:
