##BLOCKS= 11         
Note:~End
Plate:	ZR751 paclitaxel/nothing	1.3	PlateFormat	Endpoint	Absorbance	Raw	FALSE	1						1	570	1	11	96	2	6	None	
	Temperature(¡C)	1	2	3	4	5	6	7	8	9	10	11	12		
	26.50														
		0.0464	0.9541	1.4021	2.2359	2.2832	2.3247	2.3355	2.328	2.2909	2.3007	2.2504			
		0.0474	1.047	1.6495	2.2477	2.329	2.3189	2.3289	2.3396	2.2986	2.2651	2.2877			
		0.0472	1.0527	1.8919	2.3439	2.3959	2.3312	2.311	2.3226	2.3192	2.2751	2.2401			
		0.0466	0.7087	0.8681	1.0041	1.0599	2.0091	2.3356	2.339	2.2777	2.2419	2.2174			
		0.0474	0.7211	0.7844	0.7405	0.9655	1.7398	2.2094	2.2338	2.2058	2.2406	2.2424			
		0.0473	0.6875	0.7761	0.7252	0.913	1.7808	2.173	2.1636	2.2726	2.2218	2.2175			
															
		
~End
Plate:	HCC3153 paclitaxel/nothing	1.3	PlateFormat	Endpoint	Absorbance	Raw	FALSE	1						1	570	1	11	96	2	6	None	
	Temperature(¡C)	1	2	3	4	5	6	7	8	9	10	11	12		
	26.60														
		0.0464	0.2916	0.7246	1.0434	1.241	1.1847	1.2557	1.0133	1.159	1.168	1.1037			
		0.0471	0.3512	0.6833	1.2346	1.1653	1.3117	1.2747	1.1181	1.2359	1.2253	1.1031			
		0.0496	0.2929	0.6332	0.972	1.1638	1.1492	1.2657	1.2793	1.1317	1.1448	0.9267			
		0.0458	0.2017	0.2012	0.3668	0.5975	1.1068	1.1718	1.2195	1.0824	1.0061	0.9409			
		0.0449	0.2158	0.2084	0.3586	0.5929	0.9366	1.2926	1.1592	1.0611	1.1477	1.0804			
		0.046	0.217	0.2349	0.3886	0.5919	0.6877	1.0569	1.0415	0.9021	1.1176	1.0798			
															
		
~End
Plate:	MDA134 paclitaxel/nothing	1.3	PlateFormat	Endpoint	Absorbance	Raw	FALSE	1						1	570	1	11	96	2	6	None	
	Temperature(¡C)	1	2	3	4	5	6	7	8	9	10	11	12		
	26.60														
		0.0464	0.6699	0.8474	1.0375	1.037	1.0603	1.0524	1.0805	1.0382	1.0434	1.0045			
		0.0457	0.691	0.962	1.1316	1.1666	1.1682	1.202	1.1128	1.1374	1.0677	1.0145			
		0.0468	0.6555	1.0327	1.2296	1.1785	1.2067	1.2125	1.1876	1.1701	1.1044	1.0145			
		0.0463	0.4702	0.4975	0.5762	0.6578	0.7962	1.0071	1.0846	1.1251	1.0451	0.9876			
		0.0459	0.4247	0.4836	0.5567	0.6234	0.7773	0.9604	1.099	1.0313	1.0625	0.9644			
		0.046	0.45	0.4895	0.5116	0.5629	0.6963	0.9141	0.9634	0.9925	0.9553	0.9395			
															
		
~End
Plate:	MX1 paclitaxel/nothing	1.3	PlateFormat	Endpoint	Absorbance	Raw	FALSE	1						1	570	1	11	96	2	6	None	
	Temperature(¡C)	1	2	3	4	5	6	7	8	9	10	11	12		
	26.60														
		0.046	0.6408	0.7863	1.066	1.1194	1.1953	1.1652	1.1018	1.1118	1.0423	1.021			
		0.0475	0.6469	0.8349	1.1411	1.2012	1.28	1.1837	1.1755	1.1236	1.0807	0.9644			
		0.0514	0.6236	0.8362	1.1824	1.1588	1.1921	1.2076	1.1096	1.0711	1.1015	1.1144			
		0.0462	0.5549	0.5996	0.6929	0.8566	0.9582	1.0989	1.0497	1.0964	1.0575	0.9857			
		0.0469	0.5483	0.5993	0.6859	0.7878	0.9064	1.0805	1.0838	1.1315	1.0611	1.0523			
		0.0448	0.5668	0.5308	0.6456	0.8321	0.9249	1.1196	1.0489	1.0145	1.079	0.9898			
															
		
~End
Plate:	HCC1395 paclitaxel/nothing	1.3	PlateFormat	Endpoint	Absorbance	Raw	FALSE	1						1	570	1	11	96	2	6	None	
	Temperature(¡C)	1	2	3	4	5	6	7	8	9	10	11	12		
	26.60														
		0.0476	0.1521	0.7344	0.8555	0.8845	0.8674	1.0209	0.9856	0.9087	0.9222	0.8484			
		0.0451	0.1351	0.7356	0.9598	0.8817	0.9936	1.0052	1.0291	1.0482	1.0157	0.8115			
		0.0458	0.1515	0.7521	0.9729	0.9347	1.0102	1.0601	1.0714	0.9456	0.9719	0.8172			
		0.0457	0.147	0.1588	0.15	0.2128	0.4374	0.7411	0.9169	0.9161	0.8581	0.7752			
		0.0451	0.1233	0.1332	0.1411	0.207	0.4706	0.7976	1.0052	1.0057	0.9191	0.7882			
		0.0468	0.1344	0.1367	0.1608	0.2543	0.5719	0.8805	0.8886	0.8833	0.8003	0.7601			
															
		
~End
Plate:	HCC202 paclitaxel/nothing	1.3	PlateFormat	Endpoint	Absorbance	Raw	FALSE	1						1	570	1	11	96	2	6	None	
	Temperature(¡C)	1	2	3	4	5	6	7	8	9	10	11	12		
	26.50														
		0.0457	0.1812	0.3496	1.0864	0.9636	0.8461	0.9195	0.7909	0.7493	0.6855	0.8546			
		0.0467	0.19	0.4805	1.051	1.0651	1.0206	0.9454	0.8916	0.9334	0.7995	1.018			
		0.0482	0.2015	0.7134	1.0754	0.8676	0.798	0.7424	0.9544	0.7259	0.6947	0.681			
		0.0485	0.2106	0.2235	0.1623	0.1911	0.2503	0.6076	0.8936	0.9517	0.9682	0.7854			
		0.0462	0.18	0.1806	0.1574	0.1978	0.2431	0.4742	0.9355	1.1096	1.1664	1.0793			
		0.0455	0.1638	0.216	0.1671	0.1702	0.2238	0.4534	0.9111	1.0194	0.8434	1.0184			
															
		
~End
Plate:	UACC812 paclitaxel/nothing	1.3	PlateFormat	Endpoint	Absorbance	Raw	FALSE	1						1	570	1	11	96	2	6	None	
	Temperature(¡C)	1	2	3	4	5	6	7	8	9	10	11	12		
	26.50														
		0.048	0.6948	1.098	1.6545	2.1938	2.2164	2.2062	2.1914	2.126	2.2554	2.0426			
		0.0471	0.8002	1.3005	2.0626	2.2601	2.295	2.2897	2.299	2.2658	2.1745	2.1078			
		0.049	0.7706	1.2569	1.95	2.2693	2.2926	2.2474	2.2425	2.2379	2.2124	2.203			
		0.0471	0.4196	0.3891	0.3922	0.488	1.0264	1.9753	2.1918	2.2592	2.2226	2.1907			
		0.0474	0.4656	0.436	0.3751	0.4869	0.8999	1.9072	2.1946	2.2469	2.2399	2.2187			
		0.0478	0.4047	0.4065	0.3733	0.4112	0.7712	1.8164	2.0959	2.3101	2.2782	2.2131			
															
		
~End
Plate:	HCC1937 paclitaxel/nothing	1.3	PlateFormat	Endpoint	Absorbance	Raw	FALSE	1						1	570	1	11	96	2	6	None	
	Temperature(¡C)	1	2	3	4	5	6	7	8	9	10	11	12		
	26.60														
		0.0489	0.3275	0.6374	1.0901	1.2281	1.2842	1.2915	1.2842	1.1648	1.1864	1.0247			
		0.0497	0.3528	0.7432	1.1711	1.3182	1.317	1.2544	1.2225	1.2683	1.2519	1.0656			
		0.0465	0.3345	0.6772	1.1965	1.2257	1.2881	1.3016	1.3025	1.2568	1.2645	1.104			
		0.0476	0.393	0.348	0.3382	0.5282	0.9269	1.189	1.1572	1.2949	1.181	1.0907			
		0.0453	0.3712	0.3427	0.3632	0.5598	0.9222	1.2419	1.2818	1.2273	1.2057	1.1172			
		0.0491	0.3646	0.3186	0.3216	0.4801	0.7981	1.136	1.1006	1.1761	1.1734	1.0568			
															
		
~End
Plate:	EFM19 paclitaxel/nothing	1.3	PlateFormat	Endpoint	Absorbance	Raw	FALSE	1						1	570	1	11	96	2	6	None	
	Temperature(¡C)	1	2	3	4	5	6	7	8	9	10	11	12		
	26.60														
		0.0463	0.1648	0.6697	1.713	1.8077	1.8505	1.8135	1.8737	1.8098	1.771	1.7205			
		0.048	0.1648	0.8087	1.8063	1.8873	1.8992	1.9137	1.9006	1.8529	1.8149	1.8218			
		0.0476	0.1623	0.7688	1.8354	1.9283	1.8945	1.986	1.9915	1.953	1.9084	1.8633			
		0.0465	0.1492	0.165	0.1853	0.3854	1.183	1.7154	1.8367	1.8275	1.6932	1.689			
		0.0486	0.1517	0.1663	0.1817	0.3942	1.2394	1.8011	1.9473	1.8348	1.87	1.7677			
		0.0458	0.1472	0.1596	0.1698	0.3718	1.208	1.8272	2.0453	1.8361	1.9797	1.8313			
															
		
~End
Plate:	SKBR3 paclitaxel/nothing	1.3	PlateFormat	Endpoint	Absorbance	Raw	FALSE	1						1	570	1	11	96	2	6	None	
	Temperature(¡C)	1	2	3	4	5	6	7	8	9	10	11	12		
	26.60														
		0.046	0.1722	0.4702	1.2016	1.1842	1.2632	1.1546	1.1097	1.1359	1.0493	1.0567			
		0.0462	0.1746	0.5554	1.2565	1.3174	1.3305	1.234	1.2651	1.19	1.2245	1.1062			
		0.047	0.1765	0.5223	1.1982	1.2881	1.2356	1.2947	1.1779	1.1637	1.1514	1.1468			
		0.0512	0.1756	0.1657	0.1704	0.1804	0.3263	0.8617	1.1315	1.0883	1.1	1.0743			
		0.0483	0.1818	0.17	0.1755	0.1823	0.3388	1.0107	1.15	1.1902	1.1802	1.1849			
		0.0464	0.1751	0.1686	0.1723	0.2054	0.7608	1.0514	1.1637	1.1011	1.1016	1.0685			
															
		
~End
Instrument type: Instrument serial number:
