##BLOCKS= 6          
Note:~End
Plate:	MX1 paclitaxel/nothing	1.3	PlateFormat	Endpoint	Absorbance	Raw	FALSE	1						1	570	1	11	96	2	6	None	
	Temperature(¡C)	1	2	3	4	5	6	7	8	9	10	11	12		
	26.20														
		0.0495	0.3151	0.3543	0.4414	0.5181	0.5301	0.5582	0.4948	0.5125	0.5289	0.5799			
		0.0494	0.2922	0.3806	0.5361	0.6092	0.5895	0.5964	0.6356	0.6072	0.5821	0.5679			
		0.0458	0.3	0.3914	0.514	0.6069	0.6556	0.6249	0.6838	0.6718	0.5976	0.5847			
		0.0481	0.3182	0.3597	0.3964	0.5138	0.675	0.6355	0.6577	0.6646	0.5658	0.5156			
		0.0469	0.2967	0.3813	0.4371	0.4959	0.5741	0.6032	0.6459	0.6163	0.5939	0.5592			
		0.0457	0.3178	0.3079	0.3416	0.4372	0.4628	0.5048	0.5397	0.5699	0.5613	0.5941			
															
		
~End
Plate:	MDA361 paclitaxel/nothing	1.3	PlateFormat	Endpoint	Absorbance	Raw	FALSE	1						1	570	1	11	96	2	6	None	
	Temperature(¡C)	1	2	3	4	5	6	7	8	9	10	11	12		
	26.20														
		0.0474	0.122	0.6568	1.1085	1.0344	1.0785	1.0936	1.2031	1.2212	1.1315	1.1256			
		0.0478	0.1249	0.8173	1.2085	1.2117	1.2533	1.236	1.2292	1.3423	1.2923	1.2566			
		0.0485	0.1281	0.812	1.1628	1.1854	1.2526	1.3676	1.3797	1.4147	1.1887	1.2592			
		0.0476	0.1033	0.1146	0.1603	0.5049	0.9522	1.1709	1.1803	1.2508	1.08	1.1737			
		0.0472	0.1076	0.1229	0.1659	0.4936	0.9411	1.1303	1.2144	1.1586	1.0974	1.108			
		0.0489	0.0946	0.1032	0.1343	0.4392	0.8424	1.1086	1.119	1.1256	1.0804	1.1408			
															
		
~End
Plate:	HBL100 paclitaxel/nothing	1.3	PlateFormat	Endpoint	Absorbance	Raw	FALSE	1						1	570	1	11	96	2	6	None	
	Temperature(¡C)	1	2	3	4	5	6	7	8	9	10	11	12		
	26.30														
		0.0461	0.1051	0.098	0.4038	0.7536	0.7783	1.0002	0.8711	1.0568	1.0547	1.0082			
		0.0502	0.0913	0.1069	0.4419	0.8587	0.9229	0.9566	0.8681	1.061	1.033	1.1839			
		0.0468	0.092	0.1155	0.4287	0.8286	0.9444	0.9073	0.9255	1.0791	0.9001	0.9543			
		0.0445	0.0857	0.0929	0.1349	0.2611	0.7074	0.8168	0.9005	0.9797	0.9374	0.9225			
		0.0466	0.0987	0.0899	0.1194	0.2828	0.7526	0.9056	0.8481	0.8369	0.8722	0.8855			
		0.0473	0.0936	0.0927	0.1208	0.256	0.6615	0.8365	0.9737	0.9487	0.915	0.9198			
															
		
~End
Plate:	MACLS2 paclitaxel/nothing	1.3	PlateFormat	Endpoint	Absorbance	Raw	FALSE	1						1	570	1	11	96	2	6	None	
	Temperature(¡C)	1	2	3	4	5	6	7	8	9	10	11	12		
	26.30														
		0.0487	0.0779	0.1387	0.6624	0.8619	0.8175	0.9153	0.752	1.2955	0.8859	0.7618			
		0.0465	0.0806	0.142	0.5667	0.8008	0.8442	1.1648	0.9897	0.9901	0.8734	0.9076			
		0.0458	0.0759	0.158	0.5123	0.8468	0.8329	0.9254	1.0454	0.9907	0.953	0.8317			
		0.0474	0.0949	0.1644	0.3257	0.5265	0.6604	0.7424	0.7952	0.7737	0.6862	0.6516			
		0.0449	0.1057	0.1958	0.3034	0.5949	0.7205	0.8426	0.7925	0.8768	0.7771	0.6861			
		0.0454	0.0984	0.1924	0.4181	0.4936	0.899	0.998	0.8281	0.7817	0.7705	0.6739			
															
		
~End
Plate:	SKBR3 paclitaxel/nothing	1.3	PlateFormat	Endpoint	Absorbance	Raw	FALSE	1						1	570	1	11	96	2	6	None	
	Temperature(¡C)	1	2	3	4	5	6	7	8	9	10	11	12		
	26.30														
		0.0458	0.1642	0.2875	0.5381	0.6362	0.6791	0.7482	0.6634	0.6763	0.7322	0.7119			
		0.0471	0.1735	0.3524	0.5943	0.7223	0.7876	0.7266	0.7382	0.7247	0.711	0.7058			
		0.0468	0.1876	0.3558	0.5941	0.6583	0.7195	0.7851	0.6683	0.725	0.7418	0.7197			
		0.0471	0.1793	0.2212	0.2409	0.3453	0.5729	0.7479	0.7245	0.7389	0.702	0.7151			
		0.0479	0.1691	0.2209	0.2207	0.3332	0.5475	0.6867	0.6941	0.6883	0.6938	0.7403			
		0.0472	0.1773	0.2112	0.2259	0.306	0.5852	0.6766	0.7422	0.7048	0.7414	0.7488			
															
		
~End
Instrument type: Instrument serial number:
