##BLOCKS= 11         
Note:~End
Plate:	HCC202 UNC0642/nothing	1.3	PlateFormat	Endpoint	Absorbance	Raw	FALSE	1						1	570	1	11	96	2	6	None	
	Temperature(¡C)	1	2	3	4	5	6	7	8	9	10	11	12		
	26.70														
		0.0464	0.4034	0.9001	0.7739	0.7054	0.6732	0.7299	0.7386	0.7527	0.5985	0.5877			
		0.0471	0.5168	1.0212	1.1357	1.1063	0.9588	0.8561	0.9001	0.8238	0.7111	0.6223			
		0.046	0.813	1.1186	1.1077	1.1313	1.1498	1.0883	0.9823	1.109	0.7473	0.8543			
		0.0468	0.1027	0.8976	1.2061	1.399	1.3024	1.4217	1.1173	1.2584	1.0475	0.8188			
		0.047	0.1087	0.7341	1.1102	1.0738	1.2088	1.1736	1.1603	1.1811	1.0845	0.8824			
		0.0475	0.1	0.5879	1.003	1.074	1.1406	1.0347	1.0487	1.0566	1.0053	0.8323			
															
		
~End
Plate:	UACC812 UNC0642/nothing	1.3	PlateFormat	Endpoint	Absorbance	Raw	FALSE	1						1	570	1	11	96	2	6	None	
	Temperature(¡C)	1	2	3	4	5	6	7	8	9	10	11	12		
	26.70														
		0.0469	1.7791	2.1852	2.2277	2.2354	2.2479	2.2589	2.204	2.1767	2.1672	2.0384			
		0.0479	1.9034	2.1316	2.2596	2.2591	2.2491	2.2491	2.2484	2.2225	2.2094	2.1445			
		0.0478	1.8427	2.1704	2.1897	2.253	2.2578	2.2881	2.276	2.2579	2.2419	2.1854			
		0.0463	0.0957	1.7871	1.9958	2.1884	2.292	2.2978	2.2682	2.2804	2.2757	1.7724			
		0.0469	0.1128	1.7814	2.0694	2.2324	2.297	2.3051	2.2586	2.3163	2.2936	1.9252			
		0.0489	0.1056	1.6588	2.0324	2.2362	2.3222	2.3238	2.2854	2.3255	2.3226	1.8931			
															
		
~End
Plate:	HCC1937 UNC0642/nothing	1.3	PlateFormat	Endpoint	Absorbance	Raw	FALSE	1						1	570	1	11	96	2	6	None	
	Temperature(¡C)	1	2	3	4	5	6	7	8	9	10	11	12		
	26.70														
		0.0475	0.4722	1.1546	1.3624	1.3793	1.3676	1.318	1.2762	1.2474	1.2353	1.0596			
		0.045	0.5052	1.2446	1.3415	1.3972	1.3581	1.3603	1.3612	1.2261	1.2095	1.1775			
		0.0462	0.4946	1.2149	1.3443	1.3952	1.3242	1.353	1.3459	1.3003	1.2154	1.1818			
		0.0453	0.091	0.4536	1.1981	1.3459	1.3244	1.3631	1.2693	1.2664	1.125	1.0498			
		0.0457	0.0866	0.4462	1.2025	1.3207	1.296	1.2783	1.3376	1.2693	1.1535	1.0741			
		0.0456	0.087	0.3104	1.1677	1.2047	1.2304	1.2286	1.2557	1.1669	1.1576	1.0565			
															
		
~End
Plate:	EFM19 UNC0642/nothing	1.3	PlateFormat	Endpoint	Absorbance	Raw	FALSE	1						1	570	1	11	96	2	6	None	
	Temperature(¡C)	1	2	3	4	5	6	7	8	9	10	11	12		
	26.70														
		0.0472	1.5466	1.9993	1.9992	2.0236	1.9639	1.9235	1.9243	1.9399	1.8798	1.7779			
		0.0448	1.5913	2.0281	2.0363	1.9895	1.9959	1.9564	2.0797	1.9191	1.9126	1.8467			
		0.0471	1.2174	1.8853	1.9561	2.0075	1.9601	1.9705	1.8549	1.8627	1.809	1.8786			
		0.0467	0.1003	1.0873	1.5852	1.7764	1.7875	1.7825	1.7655	1.82	1.7372	1.5947			
		0.0472	0.1025	1.2029	1.601	1.7999	1.8662	1.8284	1.9388	1.8654	1.7377	1.7019			
		0.047	0.0986	1.1454	1.585	1.7635	1.8343	1.8626	1.9361	1.8714	1.8674	1.747			
															
		
~End
Plate:	SKBR3 UNC0642/nothing	1.3	PlateFormat	Endpoint	Absorbance	Raw	FALSE	1						1	570	1	11	96	2	6	None	
	Temperature(¡C)	1	2	3	4	5	6	7	8	9	10	11	12		
	26.70														
		0.0477	0.7754	1.2753	1.47	1.3824	1.345	1.3548	1.3618	1.2768	1.3177	1.2318			
		0.0474	0.5603	1.3522	1.4259	1.4952	1.487	1.4933	1.4511	1.5093	1.4034	1.3667			
		0.0475	0.5687	1.3668	1.4569	1.481	1.4906	1.5238	1.5222	1.4809	1.3792	1.3738			
		0.0471	0.0984	0.7638	1.1541	1.2493	1.2926	1.3633	1.3297	1.3697	1.3541	1.1102			
		0.0457	0.1015	0.8282	1.1976	1.2359	1.2846	1.334	1.4402	1.3829	1.3974	1.1053			
		0.0468	0.1017	1.0825	1.1256	1.1191	1.2224	1.2666	1.2947	1.2848	1.2473	1.1628			
															
		
~End
Plate:	ZR751 UNC0642/nothing	1.3	PlateFormat	Endpoint	Absorbance	Raw	FALSE	1						1	570	1	11	96	2	6	None	
	Temperature(¡C)	1	2	3	4	5	6	7	8	9	10	11	12		
	26.80														
		0.0482	0.7281	2.1723	2.36	2.3037	2.335	2.2867	2.2253	2.2524	2.1778	2.2222			
		0.048	0.7636	2.1996	2.3489	2.3596	2.3493	2.303	2.2459	2.2567	2.2458	2.2676			
		0.0485	1.4351	2.2845	2.346	2.3493	2.3058	2.3312	2.2688	2.2676	2.2834	2.2849			
		0.0488	0.0875	1.3066	1.7674	1.9656	2.1523	2.2457	2.2435	2.1914	2.2193	2.2912			
		0.045	0.0938	1.1387	1.7365	1.931	2.08	2.188	2.2126	2.2428	2.1705	2.2282			
		0.0448	0.0934	1.1902	1.6912	1.8963	2.0224	2.1207	2.1907	2.202	2.2061	2.2424			
															
		
~End
Plate:	HCC3153 UNC0642/nothing	1.3	PlateFormat	Endpoint	Absorbance	Raw	FALSE	1						1	570	1	11	96	2	6	None	
	Temperature(¡C)	1	2	3	4	5	6	7	8	9	10	11	12		
	26.70														
		0.0489	0.2869	0.8564	1.0156	0.9829	1.0948	1.119	1.1271	0.9538	0.9047	1.0331			
		0.0477	0.3595	0.8215	1.1451	1.1888	1.0519	1.1871	1.1706	1.0262	1.0671	0.9914			
		0.0487	0.1843	0.8196	0.8629	0.9136	0.9108	0.9587	1.0917	1.1063	1.047	0.8268			
		0.0482	0.0813	0.5354	1.0658	1.1848	1.2053	1.1502	1.2009	1.1838	0.9333	0.8617			
		0.0482	0.0816	0.5127	1.0813	1.0278	1.1452	1.2276	1.2095	1.075	1.1157	0.8983			
		0.0474	0.0817	0.2762	0.8771	1.0377	0.9834	1.0442	1.0143	0.9994	0.8239	0.9148			
															
		
~End
Plate:	MDA134 UNC0642/nothing	1.3	PlateFormat	Endpoint	Absorbance	Raw	FALSE	1						1	570	1	11	96	2	6	None	
	Temperature(¡C)	1	2	3	4	5	6	7	8	9	10	11	12		
	26.70														
		0.0463	0.1717	1.0231	1.0466	1.0023	1.0412	1.0179	0.9233	0.9884	0.9126	0.8323			
		0.05	0.1779	1.068	1.0913	1.0636	1.0851	1.0328	1.0443	1.0213	1.0232	0.9155			
		0.0492	0.1849	1.0995	1.1458	1.1132	1.1051	1.0941	1.0233	1.0286	1.0992	0.9327			
		0.0497	0.1299	0.2641	0.8614	0.9729	0.932	0.9719	0.9865	0.968	0.976	0.7847			
		0.0482	0.1245	0.2298	0.8567	0.9839	0.9464	0.9617	0.9849	1	1.0105	0.8569			
		0.0501	0.1244	0.1838	0.8425	0.9595	0.9427	0.9631	1.0006	0.9806	0.9735	0.8357			
															
		
~End
Plate:	MX1 UNC0642/nothing	1.3	PlateFormat	Endpoint	Absorbance	Raw	FALSE	1						1	570	1	11	96	2	6	None	
	Temperature(¡C)	1	2	3	4	5	6	7	8	9	10	11	12		
	26.80														
		0.0481	0.1082	0.8041	0.9137	0.9308	0.994	1.0096	0.9733	0.9583	0.8515	0.8609			
		0.0474	0.1654	0.8255	0.9541	1.0303	1.0687	1.0261	1.0039	0.9466	0.9415	0.9376			
		0.0518	0.1741	0.7788	0.9569	0.9699	0.9895	1.0302	0.9527	0.9437	0.9405	0.9365			
		0.0461	0.0871	0.5848	0.9924	0.9665	1.0008	1.0225	0.9321	0.9588	0.8871	0.8629			
		0.0475	0.0905	0.592	0.9831	1.0154	0.9809	0.9353	0.9681	0.9514	0.9413	0.9225			
		0.047	0.0856	0.3432	1.0002	1.0246	0.9737	0.9695	0.9714	0.9525	0.9597	0.9278			
															
		
~End
Plate:	HCC1395 UNC0642/nothing	1.3	PlateFormat	Endpoint	Absorbance	Raw	FALSE	1						1	570	1	11	96	2	6	None	
	Temperature(¡C)	1	2	3	4	5	6	7	8	9	10	11	12		
	26.80														
		0.0472	0.0784	0.5948	0.7232	0.7406	0.7703	0.7881	0.7491	0.7342	0.6698	0.6681			
		0.0474	0.0735	0.5284	0.7659	0.766	0.8078	0.7713	0.8248	0.7575	0.7657	0.7286			
		0.0471	0.0757	0.4764	0.7208	0.726	0.7638	0.7646	0.796	0.7632	0.7789	0.69			
		0.0478	0.08	0.0828	0.5452	0.6576	0.6859	0.6868	0.6869	0.6401	0.6139	0.5565			
		0.0482	0.0757	0.0878	0.5549	0.6424	0.6626	0.681	0.6773	0.7072	0.7119	0.5992			
		0.0466	0.0752	0.1319	0.5866	0.6279	0.6614	0.6671	0.6101	0.6699	0.6638	0.5502			
															
		
~End
Instrument type: Instrument serial number:
