##BLOCKS= 6          
Note:~End
Plate:	MDA361 UNC0642/nothing	1.3	PlateFormat	Endpoint	Absorbance	Raw	FALSE	1						1	570	1	11	96	2	6	None	
	Temperature(¡C)	1	2	3	4	5	6	7	8	9	10	11	12		
	26.40														
		0.0462	0.853	1.0833	1.0815	1.0333	1.0047	1.0228	0.9865	0.9593	0.9554	1.0204			
		0.0465	0.7653	1.0993	1.16	1.127	1.0401	1.048	1.0968	1.0664	1.066	1.1141			
		0.046	0.79	1.2123	1.3323	1.1651	1.2159	1.0684	1.0561	1.2457	1.0367	1.0445			
		0.0459	0.0687	0.9823	1.053	1.0568	1.1285	1.0686	1.0613	1.188	0.9885	1.0702			
		0.0472	0.0698	0.8353	0.9892	1.076	1.0414	1.038	1.0454	1.0499	1.0217	1.0663			
		0.0473	0.0654	0.7886	0.8942	0.9115	0.9263	1.0084	0.9925	1.062	1.0318	1.0313			
															
		
~End
Plate:	MX1 UNC0642/nothing	1.3	PlateFormat	Endpoint	Absorbance	Raw	FALSE	1						1	570	1	11	96	2	6	None	
	Temperature(¡C)	1	2	3	4	5	6	7	8	9	10	11	12		
	26.50														
		0.0451	0.0802	0.4532	0.4833	0.5118	0.5112	0.5163	0.5387	0.5245	0.5398	0.5418			
		0.0455	0.0845	0.4328	0.4978	0.5157	0.557	0.4962	0.5476	0.5372	0.5911	0.5384			
		0.0459	0.0751	0.4356	0.4908	0.5405	0.5631	0.5601	0.5937	0.5724	0.5825	0.565			
		0.0453	0.072	0.4151	0.5364	0.5903	0.5734	0.5623	0.5584	0.5552	0.5515	0.5242			
		0.0466	0.0707	0.383	0.5036	0.5277	0.5555	0.5827	0.5526	0.5608	0.5346	0.5251			
		0.0478	0.069	0.2513	0.4605	0.5064	0.5007	0.5378	0.5256	0.5438	0.535	0.5195			
															
		
~End
Plate:	HBL100 UNC0642/nothing	1.3	PlateFormat	Endpoint	Absorbance	Raw	FALSE	1						1	570	1	11	96	2	6	None	
	Temperature(¡C)	1	2	3	4	5	6	7	8	9	10	11	12		
	26.50														
		0.0456	0.0643	0.1642	0.5068	0.5938	0.8097	0.7734	0.7739	0.8218	0.8454	0.7187			
		0.0485	0.0671	0.2048	0.4778	0.6875	0.7336	0.8137	0.8798	0.7907	0.8714	0.807			
		0.0453	0.0656	0.2502	0.5415	0.6767	0.8192	0.8702	0.8129	0.9059	0.8373	0.7818			
		0.0459	0.0662	0.2102	0.6268	0.7709	0.7464	0.868	0.7524	0.8134	0.8001	0.7844			
		0.0479	0.0663	0.0793	0.5944	0.6613	0.8476	0.8462	0.8737	0.7833	0.8542	0.7656			
		0.0461	0.0649	0.0749	0.5651	0.6956	0.8026	0.7961	0.7446	0.8307	0.852	0.6506			
															
		
~End
Plate:	SKBR3 UNC0642/nothing	1.3	PlateFormat	Endpoint	Absorbance	Raw	FALSE	1						1	570	1	11	96	2	6	None	
	Temperature(¡C)	1	2	3	4	5	6	7	8	9	10	11	12		
	26.50														
		0.0451	0.1652	0.4965	0.5111	0.5476	0.5225	0.5472	0.5146	0.5411	0.4951	0.5247			
		0.0469	0.1723	0.5877	0.582	0.5966	0.6246	0.6532	0.6423	0.6637	0.6193	0.5641			
		0.0454	0.1757	0.5592	0.6016	0.6136	0.6378	0.6048	0.6231	0.6709	0.6405	0.6095			
		0.0471	0.0734	0.385	0.5149	0.5628	0.577	0.5965	0.6575	0.67	0.6075	0.4813			
		0.0445	0.0759	0.3047	0.5162	0.5704	0.5837	0.6192	0.6629	0.6487	0.6814	0.5181			
		0.0456	0.0706	0.0957	0.5257	0.5835	0.6114	0.6009	0.6129	0.6445	0.646	0.5176			
															
		
~End
Plate:	MACLS2 UNC0642/nothing	1.3	PlateFormat	Endpoint	Absorbance	Raw	FALSE	1						1	570	1	11	96	2	6	None	
	Temperature(¡C)	1	2	3	4	5	6	7	8	9	10	11	12		
	26.50														
		0.0458	0.172	0.5802	0.6953	0.7	0.6731	0.744	0.6681	0.7103	0.7546	0.7041			
		0.0439	0.1961	0.5545	0.6262	0.6906	0.6932	0.7627	0.7398	0.7195	0.759	0.7938			
		0.0459	0.1665	0.5473	0.6798	0.7077	0.755	0.7845	0.751	0.7534	0.8073	0.7936			
		0.0456	0.063	0.1231	0.4946	0.5659	0.6688	0.716	0.6616	0.6515	0.588	0.6093			
		0.0474	0.0635	0.1362	0.5136	0.6079	0.6622	0.6713	0.6727	0.6305	0.6368	0.6229			
		0.0454	0.0622	0.1275	0.5162	0.5689	0.6418	0.619	0.6519	0.615	0.5821	0.6217			
															
		
~End
Instrument type: Instrument serial number:
