##BLOCKS= 12         
Note:~End
Plate:	MCF7 UNC0642/nothing	1.3	PlateFormat	Endpoint	Absorbance	Raw	FALSE	1						1	570	1	11	96	2	6	None	
	Temperature(¡C)	1	2	3	4	5	6	7	8	9	10	11	12		
	26.30														
		0.0462	0.1019	0.9943	1.5544	1.7	1.5544	1.5623	1.5979	1.6933	1.6065	1.4591			
		0.046	0.1018	0.9135	1.5551	1.6281	1.5657	1.5683	1.6706	1.5941	1.57	1.4026			
		0.0471	0.0933	0.8579	1.8421	1.8789	1.8569	1.8811	1.7368	1.6662	1.5232	1.5653			
		0.0468	0.1069	0.1896	1.1951	1.5312	1.7712	1.8461	1.7039	1.6616	1.4866	1.3958			
		0.0468	0.1107	0.1184	0.9042	1.1961	1.6102	1.6797	1.7059	1.6788	1.5083	1.317			
		0.0461	0.108	0.1119	0.9881	1.2385	1.3566	1.5662	1.5341	1.5276	1.4921	1.321			
															
		
~End
Plate:	BT549 UNC0642/nothing	1.3	PlateFormat	Endpoint	Absorbance	Raw	FALSE	1						1	570	1	11	96	2	6	None	
	Temperature(¡C)	1	2	3	4	5	6	7	8	9	10	11	12		
	26.30														
		0.0449	0.1157	1.0584	1.476	1.4754	1.5445	1.6387	1.5635	1.4215	1.3401	1.3113			
		0.0456	0.1311	1.1156	1.6603	1.6092	1.6151	1.6842	1.6474	1.4587	1.6064	1.3513			
		0.045	0.1199	1.3545	1.4522	1.5295	1.6296	1.5955	1.6585	1.557	1.6078	1.3231			
		0.046	0.0902	0.1157	1.1492	1.4464	1.6994	1.7948	1.6769	1.7293	1.6944	1.3128			
		0.0415	0.088	0.0929	1.0289	1.4554	1.7185	1.7535	1.6598	1.7315	1.6658	1.3195			
		0.0446	0.1008	0.088	0.8258	1.2931	1.6047	1.4579	1.4497	1.6844	1.3668	1.2401			
															
		
~End
Plate:	SUM149 UNC0642/nothing	1.3	PlateFormat	Endpoint	Absorbance	Raw	FALSE	1						1	570	1	11	96	2	6	None	
	Temperature(¡C)	1	2	3	4	5	6	7	8	9	10	11	12		
	26.30														
		0.0429	0.1683	1.4695	1.3727	1.4845	1.043	1.5083	1.3391	1.5765	0.9067	0.9529			
		0.0459	0.1129	1.3383	1.613	1.1889	1.3077	1.7023	1.4378	1.4911	1.6975	1.6315			
		0.0435	0.1021	1.5393	1.6112	1.3122	1.7319	1.8033	1.2042	1.1126	1.5673	1.4831			
		0.0438	0.0815	0.075	1.0502	1.3221	1.8797	1.2031	1.7375	1.038	1.7278	1.3759			
		0.0449	0.0778	0.0798	1.2374	1.3052	1.7019	1.3838	0.7797	1.663	1.0769	1.4094			
		0.0433	0.0839	0.0821	0.7554	1.6399	1.6897	1.3254	1.1356	1.7654	0.967	1.3288			
															
		
~End
Plate:	HCC1806 UNC0642/nothing	1.3	PlateFormat	Endpoint	Absorbance	Raw	FALSE	1						1	570	1	11	96	2	6	None	
	Temperature(¡C)	1	2	3	4	5	6	7	8	9	10	11	12		
	26.30														
		0.0457	0.1093	0.2664	0.2912	0.323	0.324	0.3238	0.2985	0.3659	0.4004	0.349			
		0.0464	0.1124	0.3051	0.4105	0.3653	0.4468	0.3907	0.4998	0.4165	0.3225	0.3438			
		0.0458	0.1093	0.3377	0.3237	0.4209	0.375	0.4292	0.4322	0.3803	0.3569	0.3169			
		0.045	0.0884	0.0884	0.424	0.4466	0.4357	0.5325	0.438	0.5305	0.3859	0.3513			
		0.0448	0.0875	0.0976	0.3872	0.3775	0.4336	0.5307	0.4449	0.3563	0.4036	0.3859			
		0.0462	0.0879	0.0923	0.3061	0.3706	0.3417	0.374	0.3935	0.3555	0.3378	0.3202			
															
		
~End
Plate:	SKBR7 UNC0642/nothing	1.3	PlateFormat	Endpoint	Absorbance	Raw	FALSE	1						1	570	1	11	96	2	6	None	
	Temperature(¡C)	1	2	3	4	5	6	7	8	9	10	11	12		
	26.40														
		0.0487	0.8541	2.2768	2.3415	2.3235	2.186	2.2128	2.2852	2.0993	2.1045	1.9567			
		0.0499	1.1211	2.2387	2.4389	2.3846	2.3999	2.3054	2.3207	2.3288	2.2455	2.1264			
		0.0496	1.035	2.315	2.2594	2.3081	2.0738	2.3865	2.2491	2.3338	2.1836	2.1642			
		0.0467	0.14	0.7433	2.1315	2.0901	2.1983	2.1555	2.249	2.2508	2.1425	1.8461			
		0.0486	0.134	1.1687	2.0525	2.1617	2.1479	2.2695	2.2516	2.2869	2.1815	1.9965			
		0.048	0.1226	0.9959	1.9953	2.0219	2.1351	2.1277	2.2095	2.1259	2.003	1.6548			
															
		
~End
Plate:	HCC70 UNC0642/nothing	1.3	PlateFormat	Endpoint	Absorbance	Raw	FALSE	1						1	570	1	11	96	2	6	None	
	Temperature(¡C)	1	2	3	4	5	6	7	8	9	10	11	12		
	26.40														
		0.0454	0.251	1.8721	2.1683	2.1191	2.2428	2.2465	2.15	2.0252	2.1028	1.9436			
		0.0447	0.5434	2.0361	2.1903	2.285	2.287	2.2991	2.3103	2.2995	2.2678	2.0883			
		0.045	0.2639	2.0487	2.0315	2.1297	2.1943	2.3772	2.0949	2.2388	2.1482	1.995			
		0.0445	0.0999	0.4514	1.8452	2.1646	2.2706	2.2108	2.1736	2.1881	2.1304	1.909			
		0.0468	0.096	0.3808	1.916	2.2106	2.317	2.236	2.327	2.1521	2.223	2.0577			
		0.0456	0.0867	0.2126	1.7587	2.1451	2.0151	2.1288	2.0432	2.1522	1.8337	1.7608			
															
		
~End
Plate:	HCC1143 UNC0642/nothing	1.3	PlateFormat	Endpoint	Absorbance	Raw	FALSE	1						1	570	1	11	96	2	6	None	
	Temperature(¡C)	1	2	3	4	5	6	7	8	9	10	11	12		
	26.40														
		0.0458	0.5508	1.4246	1.6299	1.7134	1.7801	1.7791	1.7274	1.6217	1.596	1.4062			
		0.0449	0.559	1.4541	1.7137	1.8714	1.8385	1.7744	1.8496	1.7837	1.7925	1.5507			
		0.0457	0.4963	1.4233	1.6773	1.6911	1.8252	1.692	1.6707	1.7048	1.5852	1.5005			
		0.0458	0.1084	0.6919	1.6158	1.6782	1.7724	1.726	1.7353	1.6553	1.5702	1.3941			
		0.0448	0.1025	0.6157	1.5726	1.6454	1.703	1.7373	1.6771	1.7827	1.6398	1.4006			
		0.0465	0.0977	0.422	1.5242	1.5681	1.4846	1.6789	1.6201	1.5772	1.6153	1.4503			
															
		
~End
Plate:	HCC1937 UNC0642/nothing	1.3	PlateFormat	Endpoint	Absorbance	Raw	FALSE	1						1	570	1	11	96	2	6	None	
	Temperature(¡C)	1	2	3	4	5	6	7	8	9	10	11	12		
	26.40														
		0.0446	0.2459	0.9933	1.1511	1.2369	1.3115	1.2746	1.1275	1.2075	1.0959	0.8343			
		0.046	0.2514	1.0441	1.2728	1.3535	1.4101	1.3273	1.4022	1.2905	1.2157	1.0473			
		0.0451	0.1719	0.9985	1.2341	1.3333	1.2683	1.3747	1.3706	1.194	1.1434	0.9451			
		0.0466	0.089	0.1904	1.1359	1.2917	1.2889	1.3727	1.4202	1.3288	1.1254	0.8898			
		0.0531	0.0929	0.1886	1.1864	1.3125	1.3359	1.4296	1.1989	1.3629	1.2439	1.0085			
		0.045	0.0886	0.138	1.0778	1.2286	1.2158	1.3867	1.2456	1.2197	1.1884	0.8485			
															
		
~End
Plate:	SUM159 UNC0642/nothing	1.3	PlateFormat	Endpoint	Absorbance	Raw	FALSE	1						1	570	1	11	96	2	6	None	
	Temperature(¡C)	1	2	3	4	5	6	7	8	9	10	11	12		
	26.40														
		0.0468	1.8544	2.2702	2.3204	2.2495	2.3733	2.3493	2.3769	2.3433	2.239	2.1556			
		0.0488	2.1233	2.2102	2.3513	2.3392	2.3383	2.3871	2.4007	2.3781	2.3422	2.2308			
		0.0451	2.0064	2.1895	2.1812	2.2636	2.2719	2.4119	2.3152	2.2829	2.3063	2.1979			
		0.0478	0.0881	0.0922	2.1284	2.2927	2.3769	2.356	2.3723	2.3319	2.3217	2.1923			
		0.0471	0.0881	0.0933	2.1888	2.2538	2.3255	2.3452	2.3139	2.3147	2.3722	2.2784			
		0.0458	0.0854	0.093	2.1115	2.1044	2.2662	2.2375	2.1336	2.215	2.2168	2.2753			
															
		
~End
Plate:	HCC1954 UNC0642/nothing	1.3	PlateFormat	Endpoint	Absorbance	Raw	FALSE	1						1	570	1	11	96	2	6	None	
	Temperature(¡C)	1	2	3	4	5	6	7	8	9	10	11	12		
	26.40														
		0.0444	0.1519	0.5978	0.9186	0.9729	0.852	1.0255	1.0579	0.9067	0.6872	0.6657			
		0.0459	0.1848	0.8475	1.0801	1.0177	1.149	1.0267	1.1657	1.0996	1.0748	0.7956			
		0.0463	0.1637	0.729	0.9051	1.0155	1.0907	1.277	1.0186	1.0143	0.9578	0.808			
		0.0473	0.0926	0.0856	0.5851	1.0465	1.2717	1.1259	0.9299	1.0417	0.935	1.1204			
		0.0464	0.0876	0.0883	0.513	0.9586	1.211	1.1721	1.1647	1.1237	0.9814	0.9267			
		0.0454	0.0856	0.0885	0.5309	0.9132	0.9787	0.8674	1.0711	1.0576	0.8364	0.9461			
															
		
~End
Plate:	MACLS2 UNC0642/nothing	1.3	PlateFormat	Endpoint	Absorbance	Raw	FALSE	1						1	570	1	11	96	2	6	None	
	Temperature(¡C)	1	2	3	4	5	6	7	8	9	10	11	12		
	26.40														
		0.0469	0.272	1.2326	1.49	1.4766	1.6117	1.5748	1.5797	1.5388	1.6197	1.4661			
		0.0483	0.3238	1.3114	1.6106	1.6715	1.5482	1.5459	1.5946	1.6365	1.7048	1.6582			
		0.0448	0.3078	1.3035	1.5254	1.49	1.7294	1.7702	1.7185	1.6642	1.6471	1.67			
		0.0464	0.0888	0.1209	1.192	1.4956	1.6008	1.4672	1.5937	1.5079	1.5063	1.6676			
		0.0452	0.0969	0.1725	1.1171	1.526	1.4378	1.6152	1.7183	1.5329	1.6797	1.739			
		0.05	0.0908	0.2363	1.2134	1.594	1.6106	1.6364	1.6155	1.6391	1.649	1.3851			
															
		
~End
Instrument type: Instrument serial number:
